-0.15	-0.002	413.168	8.21604
-0.15	-0.004	496.609	6.86608
-0.15	-0.006	568.611	6.11778
-0.15	-0.008	632.538	4.96606
-0.15	-0.01	690.408	5.59937
-0.15	-0.012	744.241	4.78879
-0.15	-0.014	793.364	4.15851
-0.15	-0.016	840.468	3.54087
-0.15	-0.018	884.207	4.03573
-0.15	-0.02	925.255	4.39762
-0.15	-0.022	964.957	3.74786
-0.15	-0.024	1002.64	3.55478
-0.15	-0.026	1038.3	3.71286
-0.15	-0.028	1072.62	3.89208
-0.15	-0.03	1105.6	3.51501
-0.15	-0.032	1137.22	2.81889
-0.15	-0.034	1167.5	2.44946
-0.15	-0.036	1197.11	2.31243
-0.15	-0.038	1226.05	2.29687
-0.15	-0.04	1253.64	2.27777
-0.15	-0.042	1280.55	2.31536
-0.15	-0.044	1306.12	2.47796
-0.15	-0.046	1331.69	2.74184
-0.15	-0.048	1355.92	2.96265
-0.15	-0.05	1380.14	2.96849
-0.15	-0.052	1403.02	2.84609
-0.15	-0.054	1425.9	2.73379
-0.15	-0.056	1448.11	2.68802
-0.15	-0.058	1469.64	2.71235
-0.15	-0.06	1490.5	2.68717
-0.15	-0.062	1511.36	2.53671
-0.15	-0.064	1530.88	2.41419
-0.15	-0.066	1551.06	2.34582
-0.15	-0.068	1569.91	2.3139
-0.15	-0.07	1588.75	2.29912
-0.15	-0.072	1607.59	2.29821
-0.15	-0.074	1625.76	2.30837
-0.15	-0.076	1643.25	2.32715
-0.15	-0.078	1660.75	2.35571
-0.15	-0.08	1678.24	2.38987
-0.15	-0.082	1695.07	2.4329
-0.15	-0.084	1711.22	2.48248
-0.15	-0.086	1728.04	2.53616
-0.15	-0.088	1743.52	2.59198
-0.15	-0.09	1759.67	2.6453
-0.15	-0.092	1775.14	2.69268
-0.15	-0.094	1789.95	2.72775
-0.15	-0.096	1805.42	2.74614
-0.15	-0.098	1820.23	2.746
-0.15	-0.1	1834.36	2.72858
-0.15	-0.102	1848.49	2.68893
-0.15	-0.104	1862.62	2.61677
-0.15	-0.106	1876.75	2.50968
-0.15	-0.108	1890.21	2.38308
-0.15	-0.11	1903.67	2.25338
-0.15	-0.112	1917.13	2.12925
-0.15	-0.114	1930.59	2.01677
-0.15	-0.116	1943.37	1.91562
-0.15	-0.118	1956.16	1.82536
-0.15	-0.12	1968.94	1.74657
-0.15	-0.122	1981.73	1.67633
-0.15	-0.124	1993.84	1.61551
-0.15	-0.126	2005.95	1.56235
-0.15	-0.128	2018.06	1.51488
-0.15	-0.13	2030.18	1.47336
-0.15	-0.132	2041.62	1.43681
-0.15	-0.134	2053.06	1.40474
-0.15	-0.136	2065.17	1.3749
-0.15	-0.138	2075.94	1.34936
-0.15	-0.14	2087.37	1.32577
-0.15	-0.142	2098.81	1.30475
-0.15	-0.144	2109.58	1.28543
-0.15	-0.146	2120.35	1.26816
-0.15	-0.148	2131.11	1.25255
-0.15	-0.15	2141.88	1.23811
-0.15	-0.152	2152.65	1.22508
-0.15	-0.154	2162.74	1.21358
-0.15	-0.156	2173.51	1.20215
-0.15	-0.158	2183.6	1.19219
-0.15	-0.16	2193.7	1.18307
-0.15	-0.162	2203.79	1.17447
-0.15	-0.164	2213.88	1.16622
-0.15	-0.166	2223.98	1.15885
-0.15	-0.168	2233.4	1.15245
-0.15	-0.17	2243.49	1.14592
-0.15	-0.172	2252.91	1.1401
-0.15	-0.174	2262.33	1.13484
-0.15	-0.176	2271.75	1.12994
-0.15	-0.178	2281.17	1.12544
-0.15	-0.18	2290.59	1.12137
-0.15	-0.182	2300.02	1.11765
-0.15	-0.184	2308.76	1.11457
-0.15	-0.186	2318.18	1.11151
-0.15	-0.188	2326.93	1.10888
-0.15	-0.19	2335.68	1.10691
-0.15	-0.192	2345.1	1.10481
-0.15	-0.194	2353.85	1.10341
-0.15	-0.196	2362.6	1.10262
-0.15	-0.198	2371.34	1.10189
-0.15	-0.2	2379.42	1.10208
-0.15	-0.202	2388.17	1.10238
-0.15	-0.204	2396.91	1.10342
-0.15	-0.206	2404.99	1.105
-0.15	-0.208	2413.74	1.10715
-0.15	-0.21	2421.81	1.10975
-0.15	-0.212	2429.89	1.11313
-0.15	-0.214	2437.96	1.11679
-0.15	-0.216	2446.04	1.12027
-0.15	-0.218	2454.11	1.12364
-0.15	-0.22	2462.19	1.12612
-0.15	-0.222	2470.26	1.12749
-0.15	-0.224	2478.34	1.12744
-0.15	-0.226	2486.41	1.12646
-0.15	-0.228	2493.81	1.12511
-0.15	-0.23	2501.89	1.12337
-0.15	-0.232	2509.29	1.12263
-0.15	-0.234	2517.37	1.12239
-0.15	-0.236	2524.77	1.12365
-0.15	-0.238	2532.17	1.12632
-0.15	-0.24	2539.57	1.13061
-0.15	-0.242	2547.65	1.13568
-0.15	-0.244	2555.05	1.1424
-0.15	-0.246	2562.45	1.15058
-0.15	-0.248	2569.85	1.16002
-0.15	-0.25	2576.58	1.17095
-0.15	-0.252	2583.98	1.18301
-0.15	-0.254	2591.39	1.19638
-0.15	-0.256	2598.79	1.21099
-0.15	-0.258	2605.52	1.22723
-0.15	-0.26	2612.92	1.24444
-0.15	-0.262	2619.65	1.26333
-0.15	-0.264	2627.05	1.28254
-0.15	-0.266	2633.78	1.30333
-0.15	-0.268	2641.18	1.32436
-0.15	-0.27	2647.91	1.34622
-0.15	-0.272	2654.64	1.3683
-0.15	-0.274	2661.37	1.39023
-0.15	-0.276	2668.77	1.41146
-0.15	-0.278	2675.5	1.43224
-0.15	-0.28	2682.23	1.45174
-0.15	-0.282	2688.96	1.46967
-0.15	-0.284	2695.69	1.48595
-0.15	-0.286	2702.42	1.49999
-0.15	-0.288	2708.47	1.51204
-0.15	-0.29	2715.2	1.52134
-0.15	-0.292	2721.93	1.5283
-0.15	-0.294	2728.66	1.53249
-0.15	-0.296	2734.72	1.53502
-0.15	-0.298	2741.45	1.53507
-0.15	-0.3	2748.18	1.53264
-0.15	-0.302	2754.23	1.52904
-0.15	-0.304	2760.96	1.52343
-0.15	-0.306	2767.02	1.51685
-0.15	-0.308	2773.07	1.50947
-0.15	-0.31	2779.8	1.5004
-0.15	-0.312	2785.86	1.49119
-0.15	-0.314	2791.91	1.48148
-0.15	-0.316	2798.64	1.471
-0.15	-0.318	2804.7	1.46085
-0.15	-0.32	2810.76	1.45065
-0.15	-0.322	2816.81	1.43993
-0.15	-0.324	2822.87	1.42967
-0.15	-0.326	2828.92	1.41945
-0.15	-0.328	2834.98	1.40943
-0.15	-0.33	2841.04	1.3996
-0.15	-0.332	2847.09	1.39022
-0.15	-0.334	2853.15	1.3808
-0.15	-0.336	2859.21	1.37184
-0.15	-0.338	2865.26	1.36306
-0.15	-0.34	2871.32	1.35465
-0.15	-0.342	2877.37	1.34651
-0.15	-0.344	2882.76	1.33901
-0.15	-0.346	2888.81	1.33139
-0.15	-0.348	2894.87	1.32415
-0.15	-0.35	2900.25	1.31755
-0.15	-0.352	2906.31	1.3108
-0.15	-0.354	2912.37	1.30435
-0.15	-0.356	2917.75	1.29838
-0.15	-0.358	2923.81	1.29261
-0.15	-0.36	2929.19	1.28729
-0.15	-0.362	2935.24	1.28166
-0.15	-0.364	2940.63	1.27687
-0.15	-0.366	2946.68	1.27169
-0.15	-0.368	2952.07	1.26721
-0.15	-0.37	2957.45	1.26264
-0.15	-0.372	2963.51	1.25802
-0.15	-0.374	2968.89	1.25396
-0.15	-0.376	2974.27	1.25031
-0.15	-0.378	2979.66	1.24645
-0.15	-0.38	2985.71	1.24268
-0.15	-0.382	2991.1	1.23908
-0.15	-0.384	2996.48	1.23578
-0.15	-0.386	3001.86	1.23276
-0.15	-0.388	3007.25	1.22946
-0.15	-0.39	3012.63	1.22664
-0.15	-0.392	3018.01	1.22399
-0.15	-0.394	3023.4	1.22141
-0.15	-0.396	3028.78	1.21868
-0.15	-0.398	3034.16	1.21643
-0.15	-0.4	3039.55	1.21384
-0.15	-0.402	3044.93	1.21167
-0.15	-0.404	3050.31	1.20952
-0.15	-0.406	3055.7	1.2071
-0.15	-0.408	3061.08	1.205
-0.15	-0.41	3066.46	1.20307
-0.15	-0.412	3071.17	1.20147
-0.15	-0.414	3076.56	1.19956
-0.15	-0.416	3081.94	1.19814
-0.15	-0.418	3087.32	1.19625
-0.15	-0.42	3092.03	1.19495
-0.15	-0.422	3097.42	1.19325
-0.15	-0.424	3102.8	1.19194
-0.15	-0.426	3107.51	1.19071
-0.15	-0.428	3112.89	1.18913
-0.15	-0.43	3118.28	1.18787
-0.15	-0.432	3122.99	1.1869
-0.15	-0.434	3128.37	1.18556
-0.15	-0.436	3133.08	1.18485
-0.15	-0.438	3138.46	1.18344
-0.15	-0.44	3143.17	1.18286
-0.15	-0.442	3148.56	1.18156
-0.15	-0.444	3153.27	1.18114
-0.15	-0.446	3158.65	1.17994
-0.15	-0.448	3163.36	1.17939
-0.15	-0.45	3168.75	1.17845
-0.15	-0.452	3173.46	1.17776
-0.15	-0.454	3178.17	1.17751
-0.15	-0.456	3183.55	1.17668
-0.15	-0.458	3188.26	1.17612
-0.15	-0.46	3192.97	1.17602
-0.15	-0.462	3198.35	1.17523
-0.15	-0.464	3203.06	1.1749
-0.15	-0.466	3207.77	1.1746
-0.15	-0.468	3212.48	1.17452
-0.15	-0.47	3217.87	1.17395
-0.15	-0.472	3222.58	1.17389
-0.15	-0.474	3227.29	1.17369
-0.15	-0.476	3232	1.17357
-0.15	-0.478	3236.71	1.17354
-0.15	-0.48	3241.42	1.17355
-0.15	-0.482	3246.8	1.17349
-0.15	-0.484	3251.51	1.17339
-0.15	-0.486	3256.22	1.17343
-0.15	-0.488	3260.93	1.17356
-0.15	-0.49	3265.64	1.17369
-0.15	-0.492	3270.36	1.1739
-0.15	-0.494	3275.07	1.17414
-0.15	-0.496	3279.78	1.17448
-0.15	-0.498	3284.49	1.17483
-0.15	-0.5	3289.2	1.17526
-0.15	-0.502	3293.91	1.17565
-0.15	-0.504	3298.62	1.17605
-0.15	-0.506	3303.33	1.17653
-0.15	-0.508	3307.37	1.17745
-0.15	-0.51	3312.08	1.17782
-0.15	-0.512	3316.79	1.17832
-0.15	-0.514	3321.5	1.17932
-0.15	-0.516	3326.21	1.17966
-0.15	-0.518	3330.92	1.18042
-0.15	-0.52	3335.63	1.18125
-0.15	-0.522	3339.67	1.18233
-0.15	-0.524	3344.38	1.18322
-0.15	-0.526	3349.09	1.18398
-0.15	-0.528	3353.8	1.18488
-0.15	-0.53	3357.83	1.1864
-0.15	-0.532	3362.54	1.18712
-0.15	-0.534	3367.25	1.18825
-0.15	-0.536	3371.29	1.18968
-0.15	-0.538	3376	1.19096
-0.15	-0.54	3380.71	1.192
-0.15	-0.542	3384.75	1.19359
-0.15	-0.544	3389.46	1.19511
-0.15	-0.546	3394.17	1.19645
-0.15	-0.548	3398.21	1.19834
-0.15	-0.55	3402.92	1.19965
-0.15	-0.552	3406.96	1.20161
-0.15	-0.554	3411.67	1.2033
-0.15	-0.556	3416.38	1.2049
-0.15	-0.558	3420.41	1.20713
-0.15	-0.56	3425.13	1.20879
-0.15	-0.562	3429.16	1.21116
-0.15	-0.564	3433.87	1.21295
-0.15	-0.566	3437.91	1.2153
-0.15	-0.568	3442.62	1.21732
-0.15	-0.57	3446.66	1.21978
-0.15	-0.572	3451.37	1.22219
-0.15	-0.574	3455.41	1.22504
-0.15	-0.576	3460.12	1.22737
-0.15	-0.578	3464.15	1.23002
-0.15	-0.58	3468.19	1.23332
-0.15	-0.582	3472.9	1.23584
-0.15	-0.584	3476.94	1.23893
-0.15	-0.586	3480.98	1.24227
-0.15	-0.588	3485.69	1.24523
-0.15	-0.59	3489.72	1.24897
-0.15	-0.592	3494.44	1.25204
-0.15	-0.594	3498.47	1.25576
-0.15	-0.596	3502.51	1.2595
-0.15	-0.598	3506.55	1.2637
-0.15	-0.6	3511.26	1.26722
-0.15	-0.602	3515.3	1.27167
-0.15	-0.604	3519.33	1.27584
-0.15	-0.606	3524.04	1.27995
-0.15	-0.608	3528.08	1.28464
-0.15	-0.61	3532.12	1.28942
-0.15	-0.612	3536.16	1.29417
-0.15	-0.614	3540.87	1.29909
-0.15	-0.616	3544.9	1.30438
-0.15	-0.618	3548.94	1.30958
-0.15	-0.62	3552.98	1.31515
-0.15	-0.622	3557.02	1.32086
-0.15	-0.624	3561.05	1.32684
-0.15	-0.626	3565.76	1.33272
-0.15	-0.628	3569.8	1.33886
-0.15	-0.63	3573.84	1.34519
-0.15	-0.632	3577.88	1.35171
-0.15	-0.634	3581.91	1.35861
-0.15	-0.636	3585.95	1.36531
-0.15	-0.638	3589.99	1.37253
-0.15	-0.64	3594.03	1.37993
-0.15	-0.642	3598.06	1.38719
-0.15	-0.644	3602.77	1.39436
-0.15	-0.646	3606.81	1.40224
-0.15	-0.648	3610.85	1.40983
-0.15	-0.65	3614.89	1.41781
-0.15	-0.652	3618.92	1.42587
-0.15	-0.654	3622.96	1.4338
-0.15	-0.656	3627	1.442
-0.15	-0.658	3631.04	1.45009
-0.15	-0.66	3635.07	1.45842
-0.15	-0.662	3639.11	1.46659
-0.15	-0.664	3643.15	1.47445
-0.15	-0.666	3647.19	1.4827
-0.15	-0.668	3651.22	1.49038
-0.15	-0.67	3654.59	1.49826
-0.15	-0.672	3658.63	1.50567
-0.15	-0.674	3662.66	1.51276
-0.15	-0.676	3666.7	1.51925
-0.15	-0.678	3670.74	1.52581
-0.15	-0.68	3674.78	1.5317
-0.15	-0.682	3678.81	1.5367
-0.15	-0.684	3682.85	1.54145
-0.15	-0.686	3686.89	1.54552
-0.15	-0.688	3690.25	1.54914
-0.15	-0.69	3694.29	1.55167
-0.15	-0.692	3698.33	1.55324
-0.15	-0.694	3702.37	1.55415
-0.15	-0.696	3706.4	1.55392
-0.15	-0.698	3710.44	1.55296
-0.15	-0.7	3713.8	1.5511
-0.15	-0.702	3717.84	1.54825
-0.15	-0.704	3721.88	1.54436
-0.15	-0.706	3725.92	1.53931
-0.15	-0.708	3729.95	1.53368
-0.15	-0.71	3733.32	1.52704
-0.15	-0.712	3737.36	1.51939
-0.15	-0.714	3741.39	1.51097
-0.15	-0.716	3745.43	1.50176
-0.15	-0.718	3748.8	1.49233
-0.15	-0.72	3752.83	1.48179
-0.15	-0.722	3756.87	1.47082
-0.15	-0.724	3760.91	1.45957
-0.15	-0.726	3764.27	1.44806
-0.15	-0.728	3768.31	1.43551
-0.15	-0.73	3772.35	1.42317
-0.15	-0.732	3775.71	1.41095
-0.15	-0.734	3779.75	1.39828
-0.15	-0.736	3783.79	1.38554
-0.15	-0.738	3787.15	1.37324
-0.15	-0.74	3791.19	1.36058
-0.15	-0.742	3795.23	1.348
-0.15	-0.744	3798.59	1.33622
-0.15	-0.746	3802.63	1.32401
-0.15	-0.748	3805.99	1.31237
-0.15	-0.75	3810.03	1.30083
-0.15	-0.752	3814.07	1.28947
-0.15	-0.754	3817.43	1.27885
-0.15	-0.756	3821.47	1.26804
-0.15	-0.758	3824.84	1.2579
-0.15	-0.76	3828.87	1.24793
-0.15	-0.762	3832.91	1.23813
-0.15	-0.764	3836.27	1.22904
-0.15	-0.766	3840.31	1.22005
-0.15	-0.768	3843.68	1.21183
-0.15	-0.77	3847.71	1.20319
-0.15	-0.772	3851.08	1.19526
-0.15	-0.774	3855.12	1.18747
-0.15	-0.776	3858.48	1.18048
-0.15	-0.778	3862.52	1.17321
-0.15	-0.78	3865.88	1.16662
-0.15	-0.782	3869.92	1.15997
-0.15	-0.784	3873.28	1.15404
-0.15	-0.786	3877.32	1.14803
-0.15	-0.788	3880.69	1.14227
-0.15	-0.79	3884.72	1.1367
-0.15	-0.792	3888.09	1.13192
-0.15	-0.794	3892.13	1.12663
-0.15	-0.796	3895.49	1.12208
-0.15	-0.798	3899.53	1.11736
-0.15	-0.8	3902.89	1.11289
-0.15	-0.802	3906.93	1.10871
-0.15	-0.804	3910.3	1.10488
-0.15	-0.806	3913.66	1.10114
-0.15	-0.808	3917.7	1.09728
-0.15	-0.81	3921.06	1.09376
-0.15	-0.812	3925.1	1.09039
-0.15	-0.814	3928.46	1.0871
-0.15	-0.816	3931.83	1.08443
-0.15	-0.818	3935.87	1.08107
-0.15	-0.82	3939.23	1.07868
-0.15	-0.822	3943.27	1.07558
-0.15	-0.824	3946.63	1.07308
-0.15	-0.826	3950	1.0707
-0.15	-0.828	3954.03	1.06814
-0.15	-0.83	3957.4	1.06597
-0.15	-0.832	3960.76	1.06368
-0.15	-0.834	3964.8	1.06159
-0.15	-0.836	3968.17	1.05947
-0.15	-0.838	3971.53	1.05759
-0.15	-0.84	3975.57	1.05574
-0.15	-0.842	3978.93	1.05385
-0.15	-0.844	3982.3	1.05219
-0.15	-0.846	3985.66	1.05074
-0.15	-0.848	3989.7	1.04898
-0.15	-0.85	3993.06	1.04735
-0.15	-0.852	3996.43	1.0461
-0.15	-0.854	4000.47	1.04464
-0.15	-0.856	4003.83	1.04309
-0.15	-0.858	4007.19	1.04181
-0.15	-0.86	4010.56	1.04067
-0.15	-0.862	4014.6	1.03944
-0.15	-0.864	4017.96	1.03829
-0.15	-0.866	4021.33	1.03714
-0.15	-0.868	4024.69	1.03614
-0.15	-0.87	4028.73	1.0349
-0.15	-0.872	4032.09	1.034
-0.15	-0.874	4035.46	1.03328
-0.15	-0.876	4038.82	1.03242
-0.15	-0.878	4042.19	1.03152
-0.15	-0.88	4046.22	1.03025
-0.15	-0.882	4049.59	1.02939
-0.15	-0.884	4052.95	1.02857
-0.15	-0.886	4056.32	1.02789
-0.15	-0.888	4059.68	1.02721
-0.15	-0.89	4063.72	1.02633
-0.15	-0.892	4067.08	1.0256
-0.15	-0.894	4070.45	1.025
-0.15	-0.896	4073.81	1.02437
-0.15	-0.898	4077.18	1.02379
-0.15	-0.9	4080.54	1.02319
-0.15	-0.902	4083.91	1.02267
-0.15	-0.904	4087.94	1.0219
-0.15	-0.906	4091.31	1.02135
-0.15	-0.908	4094.67	1.02082
-0.15	-0.91	4098.04	1.02032
-0.15	-0.912	4101.4	1.01995
-0.15	-0.914	4104.77	1.01982
-0.15	-0.916	4108.13	1.01927
-0.15	-0.918	4111.5	1.01879
-0.15	-0.92	4115.53	1.0181
-0.15	-0.922	4118.9	1.01758
-0.15	-0.924	4122.26	1.01712
-0.15	-0.926	4125.63	1.0167
-0.15	-0.928	4128.99	1.01637
-0.15	-0.93	4132.36	1.01601
-0.15	-0.932	4135.72	1.01578
-0.15	-0.934	4139.09	1.01534
-0.15	-0.936	4142.45	1.01479
-0.15	-0.938	4145.81	1.01472
-0.15	-0.94	4149.18	1.01445
-0.15	-0.942	4152.54	1.01389
-0.15	-0.944	4155.91	1.01347
-0.15	-0.946	4159.27	1.01332
-0.15	-0.948	4162.64	1.0131
-0.15	-0.95	4166	1.01258
-0.15	-0.952	4169.37	1.0123
-0.15	-0.954	4172.73	1.01224
-0.15	-0.956	4176.1	1.01175
-0.15	-0.958	4179.46	1.01142
-0.15	-0.96	4182.82	1.0114
-0.15	-0.962	4186.19	1.01094
-0.15	-0.964	4189.55	1.01064
-0.15	-0.966	4192.92	1.01065
-0.15	-0.968	4196.28	1.01014
-0.15	-0.97	4199.65	1.00998
-0.15	-0.972	4203.01	1.00987
-0.15	-0.974	4206.38	1.00937
-0.15	-0.976	4209.74	1.00942
-0.15	-0.978	4213.11	1.009
-0.15	-0.98	4216.47	1.00888
-0.15	-0.982	4219.83	1.00877
-0.15	-0.984	4223.2	1.00829
-0.15	-0.986	4226.56	1.00827
-0.15	-0.988	4229.93	1.00792
-0.15	-0.99	4233.29	1.00788
-0.15	-0.992	4236.66	1.00757
-0.15	-0.994	4240.02	1.00756
-0.15	-0.996	4243.39	1.0073
-0.15	-0.998	4246.08	1.00739
-0.15	-1	4249.44	1.00717
-0.15	-1.002	4252.81	1.0071
-0.15	-1.004	4256.17	1.00685
-0.15	-1.006	4259.54	1.00678
-0.15	-1.008	4262.9	1.00643
-0.15	-1.01	4266.27	1.00627
-0.15	-1.012	4269.63	1.00627
-0.15	-1.014	4272.99	1.00603
-0.15	-1.016	4275.69	1.00613
-0.15	-1.018	4279.05	1.00606
-0.15	-1.02	4282.42	1.00573
-0.15	-1.022	4285.78	1.00584
-0.15	-1.024	4289.14	1.00543
-0.15	-1.026	4292.51	1.00535
-0.15	-1.028	4295.87	1.00531
-0.15	-1.03	4298.57	1.00533
-0.15	-1.032	4301.93	1.00514
-0.15	-1.034	4305.29	1.00528
-0.15	-1.036	4308.66	1.00481
-0.15	-1.038	4312.02	1.00472
-0.15	-1.04	4315.39	1.00473
-0.15	-1.042	4318.08	1.00482
-0.15	-1.044	4321.44	1.00451
-0.15	-1.046	4324.81	1.00452
-0.15	-1.048	4328.17	1.0044
-0.15	-1.05	4331.54	1.00429
-0.15	-1.052	4334.23	1.0043
-0.15	-1.054	4337.59	1.00423
-0.15	-1.056	4340.96	1.00417
-0.15	-1.058	4344.32	1.00394
-0.15	-1.06	4347.69	1.00383
-0.15	-1.062	4350.38	1.00386
-0.15	-1.064	4353.74	1.00385
-0.15	-1.066	4357.11	1.00372
-0.15	-1.068	4360.47	1.00366
-0.15	-1.07	4363.17	1.00379
-0.15	-1.072	4366.53	1.00347
-0.15	-1.074	4369.89	1.00336
-0.15	-1.076	4373.26	1.00331
-0.15	-1.078	4375.95	1.00344
-0.15	-1.08	4379.32	1.0035
-0.15	-1.082	4382.68	1.00318
-0.15	-1.084	4386.04	1.00309
-0.15	-1.086	4388.74	1.00324
-0.15	-1.088	4392.1	1.00297
-0.15	-1.09	4395.47	1.00287
-0.15	-1.092	4398.16	1.00299
-0.15	-1.094	4401.52	1.00286
-0.15	-1.096	4404.89	1.00279
-0.15	-1.098	4408.25	1.00269
-0.15	-1.1	4410.94	1.00278
-0.15	-1.102	4414.31	1.00277
-0.15	-1.104	4417.67	1.00258
-0.15	-1.106	4420.36	1.00269
-0.15	-1.108	4423.73	1.00269
-0.15	-1.11	4427.09	1.00247
-0.15	-1.112	4429.78	1.00257
-0.15	-1.114	4433.15	1.00253
-0.15	-1.116	4436.51	1.00235
-0.15	-1.118	4439.2	1.00243
-0.15	-1.12	4442.57	1.00234
-0.15	-1.122	4445.93	1.0022
-0.15	-1.124	4448.63	1.00229
-0.15	-1.126	4451.99	1.00215
-0.15	-1.128	4455.35	1.00205
-0.15	-1.13	4458.05	1.0022
-0.15	-1.132	4461.41	1.00206
-0.15	-1.134	4464.78	1.00198
-0.15	-1.136	4467.47	1.00217
-0.15	-1.138	4470.83	1.00209
-0.15	-1.14	4474.2	1.00194
-0.15	-1.142	4476.89	1.00203
-0.15	-1.144	4480.25	1.00187
-0.15	-1.146	4483.62	1.00176
-0.15	-1.148	4486.31	1.00182
-0.15	-1.15	4489.67	1.00175
-0.15	-1.152	4492.36	1.00199
-0.15	-1.154	4495.73	1.00186
-0.15	-1.156	4499.09	1.00166
-0.15	-1.158	4501.79	1.00166
-0.15	-1.16	4505.15	1.00156
-0.15	-1.162	4507.84	1.00178
-0.15	-1.164	4511.21	1.00168
-0.15	-1.166	4514.57	1.00155
-0.15	-1.168	4517.26	1.00152
-0.15	-1.17	4520.63	1.00145
-0.15	-1.172	4523.32	1.00176
-0.15	-1.174	4526.68	1.0015
-0.15	-1.176	4529.37	1.00153
-0.15	-1.178	4532.74	1.00135
-0.15	-1.18	4536.1	1.00138
-0.15	-1.182	4538.8	1.00158
-0.15	-1.184	4542.16	1.00127
-0.15	-1.186	4544.85	1.0015
-0.15	-1.188	4548.22	1.00133
-0.15	-1.19	4550.91	1.00136
-0.15	-1.192	4554.27	1.0012
-0.15	-1.194	4556.96	1.00141
-0.15	-1.196	4560.33	1.00133
-0.15	-1.198	4563.02	1.00133
-0.15	-1.2	4566.38	1.0013
-0.15	-1.202	4569.75	1.00118
-0.15	-1.204	4572.44	1.00113
-0.15	-1.206	4575.81	1.00114
-0.15	-1.208	4578.5	1.00128
-0.15	-1.21	4581.86	1.00105
-0.15	-1.212	4584.55	1.00136
-0.15	-1.214	4587.92	1.00102
-0.15	-1.216	4590.61	1.00114
-0.15	-1.218	4593.97	1.00107
-0.15	-1.22	4596.67	1.00102
-0.15	-1.222	4600.03	1.00105
-0.15	-1.224	4602.72	1.00106
-0.15	-1.226	4606.09	1.00094
-0.15	-1.228	4608.78	1.00117
-0.15	-1.23	4612.14	1.00089
-0.15	-1.232	4614.83	1.00117
-0.15	-1.234	4618.2	1.00087
-0.15	-1.236	4620.89	1.00102
-0.15	-1.238	4623.58	1.00101
-0.15	-1.24	4626.95	1.00092
-0.15	-1.242	4629.64	1.00099
-0.15	-1.244	4633	1.00081
-0.15	-1.246	4635.69	1.00096
-0.15	-1.248	4639.06	1.00081
-0.15	-1.25	4641.75	1.00092
-0.15	-1.252	4645.12	1.00078
-0.15	-1.254	4647.81	1.00092
-0.15	-1.256	4651.17	1.00078
-0.15	-1.258	4653.86	1.00086
-0.15	-1.26	4656.56	1.00089
-0.15	-1.262	4659.92	1.00077
-0.15	-1.264	4662.61	1.00097
-0.15	-1.266	4665.98	1.00068
-0.15	-1.268	4668.67	1.00095
-0.15	-1.27	4672.03	1.00064
-0.15	-1.272	4674.72	1.00089
-0.15	-1.274	4677.42	1.0008
-0.15	-1.276	4680.78	1.00071
-0.15	-1.278	4683.47	1.00091
-0.15	-1.28	4686.84	1.00059
-0.15	-1.282	4689.53	1.00086
-0.15	-1.284	4692.22	1.00076
-0.15	-1.286	4695.58	1.00068
-0.15	-1.288	4698.28	1.00081
-0.15	-1.29	4701.64	1.00055
-0.15	-1.292	4704.33	1.00081
-0.15	-1.294	4707.02	1.00071
-0.15	-1.296	4710.39	1.00058
-0.15	-1.298	4713.08	1.00081
-0.15	-1.3	4716.44	1.00051
-0.15	-1.302	4719.14	1.00064
-0.15	-1.304	4721.83	1.00075
-0.15	-1.306	4725.19	1.0005
-0.15	-1.308	4727.88	1.00062
-0.15	-1.31	4730.58	1.0007
-0.15	-1.312	4733.94	1.00048
-0.15	-1.314	4736.63	1.00056
-0.15	-1.316	4740	1.00054
-0.15	-1.318	4742.69	1.00047
-0.15	-1.32	4745.38	1.00056
-0.15	-1.322	4748.74	1.00049
-0.15	-1.324	4751.44	1.00053
-0.15	-1.326	4754.13	1.00063
-0.15	-1.328	4757.49	1.00041
-0.15	-1.33	4760.18	1.00059
-0.15	-1.332	4762.88	1.00067
-0.15	-1.334	4766.24	1.00039
-0.15	-1.336	4768.93	1.00048
-0.15	-1.338	4771.62	1.00057
-0.15	-1.34	4774.99	1.00044
-0.15	-1.342	4777.68	1.00039
-0.15	-1.344	4780.37	1.00049
-0.15	-1.346	4783.74	1.0004
-0.15	-1.348	4786.43	1.00047
-0.15	-1.35	4789.12	1.00058
-0.15	-1.352	4792.48	1.00036
-0.15	-1.354	4795.18	1.00037
-0.15	-1.356	4797.87	1.00049
-0.15	-1.358	4800.56	1.00053
-0.15	-1.36	4803.92	1.00038
-0.15	-1.362	4806.61	1.00041
-0.15	-1.364	4809.31	1.00047
-0.15	-1.366	4812.67	1.0003
-0.15	-1.368	4815.36	1.00039
-0.15	-1.37	4818.05	1.00052
-0.15	-1.372	4820.75	1.0005
-0.15	-1.374	4824.11	1.00034
-0.15	-1.376	4826.8	1.00035
-0.15	-1.378	4829.49	1.00043
-0.15	-1.38	4832.86	1.00027
-0.15	-1.382	4835.55	1.00032
-0.15	-1.384	4838.24	1.00043
-0.15	-1.386	4840.93	1.00044
-0.15	-1.388	4844.3	1.00033
-0.15	-1.39	4846.99	1.00034
-0.15	-1.392	4849.68	1.00046
-0.15	-1.394	4852.37	1.00046
-0.15	-1.396	4855.74	1.00027
-0.15	-1.398	4858.43	1.00025
-0.15	-1.4	4861.12	1.00033
-0.15	-1.402	4863.81	1.00041
-0.15	-1.404	4867.18	1.00022
-0.15	-1.406	4869.87	1.00027
-0.15	-1.408	4872.56	1.00031
-0.15	-1.41	4875.25	1.00038
-0.15	-1.412	4878.62	1.00025
-0.15	-1.414	4881.31	1.00026
-0.15	-1.416	4884	1.00035
-0.15	-1.418	4886.69	1.00036
-0.15	-1.42	4889.38	1.00039
-0.15	-1.422	4892.75	1.00024
-0.15	-1.424	4895.44	1.00029
-0.15	-1.426	4898.13	1.00036
-0.15	-1.428	4900.82	1.00035
-0.15	-1.43	4904.19	1.00024
-0.15	-1.432	4906.88	1.00021
-0.15	-1.434	4909.57	1.00029
-0.15	-1.436	4912.26	1.00028
-0.15	-1.438	4914.95	1.00033
-0.15	-1.44	4918.32	1.00018
-0.15	-1.442	4921.01	1.00018
-0.15	-1.444	4923.7	1.00019
-0.15	-1.446	4926.39	1.00024
-0.15	-1.448	4929.08	1.00033
-0.15	-1.45	4931.78	1.00032
-0.15	-1.452	4935.14	1.0002
-0.15	-1.454	4937.83	1.00021
-0.15	-1.456	4940.52	1.00031
-0.15	-1.458	4943.22	1.00038
-0.15	-1.46	4945.91	1.00033
-0.15	-1.462	4949.27	1.0002
-0.15	-1.464	4951.96	1.00016
-0.15	-1.466	4954.66	1.00019
-0.15	-1.468	4957.35	1.00018
-0.15	-1.47	4960.04	1.00028
-0.15	-1.472	4962.73	1.00033
-0.15	-1.474	4966.09	1.00018
-0.15	-1.476	4968.79	1.0002
-0.15	-1.478	4971.48	1.00019
-0.15	-1.48	4974.17	1.00023
-0.15	-1.482	4976.86	1.00019
-0.15	-1.484	4979.55	1.00027
-0.15	-1.486	4982.24	1.0003
-0.15	-1.488	4985.61	1.00017
-0.15	-1.49	4988.3	1.00017
-0.15	-1.492	4990.99	1.00017
-0.15	-1.494	4993.68	1.00016
-0.15	-1.496	4996.38	1.00018
-0.15	-1.498	4999.07	1.0003
-0.15	-1.5	5001.76	1.00029
-0.15	-1.502	5004.45	1.00029
-0.15	-1.504	5007.82	1.00009
-0.15	-1.506	5010.51	1.00011
-0.15	-1.508	5013.2	1.00013
-0.15	-1.51	5015.89	1.00023
-0.15	-1.512	5018.58	1.00023
-0.15	-1.514	5021.27	1.00017
-0.15	-1.516	5023.97	1.00028
-0.15	-1.518	5026.66	1.00025
-0.15	-1.52	5029.35	1.00027
-0.15	-1.522	5032.71	1.00007
-0.15	-1.524	5035.4	1.0001
-0.15	-1.526	5038.1	1.00014
-0.15	-1.528	5040.79	1.00017
-0.15	-1.53	5043.48	1.00013
-0.15	-1.532	5046.17	1.00017
-0.15	-1.534	5048.86	1.00029
-0.15	-1.536	5051.55	1.00021
-0.15	-1.538	5054.25	1.00024
-0.15	-1.54	5056.94	1.00024
-0.15	-1.542	5059.63	1.00027
-0.15	-1.544	5062.99	1.00007
-0.15	-1.546	5065.69	1.0001
-0.15	-1.548	5068.38	1.00013
-0.15	-1.55	5071.07	1.0001
-0.15	-1.552	5073.76	1.00009
-0.15	-1.554	5076.45	1.00016
-0.15	-1.556	5079.14	1.00018
-0.15	-1.558	5081.84	1.00011
-0.15	-1.56	5084.53	1.00028
-0.15	-1.562	5087.22	1.00018
-0.15	-1.564	5089.91	1.0002
-0.15	-1.566	5092.6	1.00025
-0.15	-1.568	5095.29	1.0002
-0.15	-1.57	5097.99	1.0002
-0.15	-1.572	5100.68	1.00024
-0.15	-1.574	5103.37	1.0002
-0.15	-1.576	5106.73	1.00007
-0.15	-1.578	5109.43	1.00011
-0.15	-1.58	5112.12	1.00004
-0.15	-1.582	5114.81	1.00011
-0.15	-1.584	5117.5	1.00006
-0.15	-1.586	5120.19	1.00008
-0.15	-1.588	5122.88	1.0001
-0.15	-1.59	5125.58	1.00006
-0.15	-1.592	5128.27	1.0001
-0.15	-1.594	5130.96	1.00009
-0.15	-1.596	5133.65	1.00007
-0.15	-1.598	5136.34	1.00011
-0.15	-1.6	5139.03	1.00006
-0.15	-1.602	5141.73	1.00011
-0.15	-1.604	5144.42	1.00009
-0.15	-1.606	5147.11	1.00009
-0.15	-1.608	5149.8	1.00013
-0.15	-1.61	5152.49	1.00006
-0.15	-1.612	5155.18	1.00015
-0.15	-1.614	5157.88	1.00005
-0.15	-1.616	5160.57	1.00016
-0.15	-1.618	5163.26	1.00006
-0.15	-1.62	5165.95	1.00015
-0.15	-1.622	5168.64	1.00006
-0.15	-1.624	5171.33	1.00012
-0.15	-1.626	5174.02	1.00007
-0.15	-1.628	5176.72	1.00011
-0.15	-1.63	5179.41	1.00007
-0.15	-1.632	5182.1	1.00008
-0.15	-1.634	5184.79	1.00007
-0.15	-1.636	5187.48	1.00008
-0.15	-1.638	5190.17	1.00007
-0.15	-1.64	5192.87	1.00007
-0.15	-1.642	5195.56	1.00006
-0.15	-1.644	5198.25	1.00008
-0.15	-1.646	5200.94	1.00004
-0.15	-1.648	5203.63	1.00008
-0.15	-1.65	5206.32	1.00003
-0.15	-1.652	5209.02	1.00008
-0.15	-1.654	5211.71	1.00002
-0.15	-1.656	5214.4	1.00008
-0.15	-1.658	5217.09	1.00002
-0.15	-1.66	5219.11	1.00019
-0.15	-1.662	5221.8	1.00017
-0.15	-1.664	5224.49	1.00017
-0.15	-1.666	5227.19	1.00017
-0.15	-1.668	5229.88	1.00015
-0.15	-1.67	5232.57	1.00018
-0.15	-1.672	5235.26	1.00016
-0.15	-1.674	5237.95	1.00014
-0.15	-1.676	5240.64	1.00015
-0.15	-1.678	5243.33	1.00008
-0.15	-1.68	5246.03	1.00014
-0.15	-1.682	5248.72	1.00003
-0.15	-1.684	5251.41	1.00007
-0.15	-1.686	5254.1	1.00006
-0.15	-1.688	5256.79	1.00001
-0.15	-1.69	5259.48	1.00007
-0.15	-1.692	5262.18	1.00001
-0.15	-1.694	5264.2	1.00017
-0.15	-1.696	5266.89	1.00016
-0.15	-1.698	5269.58	1.00014
-0.15	-1.7	5272.27	1.00014
-0.15	-1.702	5274.96	1.00017
-0.15	-1.704	5277.65	1.00007
-0.15	-1.706	5280.35	1.00015
-0.15	-1.708	5283.04	1.00003
-0.15	-1.71	5285.73	1.00005
-0.15	-1.712	5288.42	1.00005
-0.15	-1.714	5291.11	1.00003
-0.15	-1.716	5293.8	0.999994
-0.15	-1.718	5295.82	1.00017
-0.15	-1.72	5298.51	1.00013
-0.15	-1.722	5301.21	1.00011
-0.15	-1.724	5303.9	1.00016
-0.15	-1.726	5306.59	1.0001
-0.15	-1.728	5309.28	1.00004
-0.15	-1.73	5311.97	1.00005
-0.15	-1.732	5314.66	1.00006
-0.15	-1.734	5317.36	0.999986
-0.15	-1.736	5319.37	1.00015
-0.15	-1.738	5322.07	1.00015
-0.15	-1.74	5324.76	1.00016
-0.15	-1.742	5327.45	1.00008
-0.15	-1.744	5330.14	1.00014
-0.15	-1.746	5332.83	1.00004
-0.15	-1.748	5335.52	1.00004
-0.15	-1.75	5338.22	1
-0.15	-1.752	5340.91	1.00007
-0.15	-1.754	5342.93	1.00014
-0.15	-1.756	5345.62	1.00013
-0.15	-1.758	5348.31	1.0001
-0.15	-1.76	5351	1.00013
-0.15	-1.762	5353.69	1.00004
-0.15	-1.764	5356.38	1.00003
-0.15	-1.766	5359.08	0.999998
-0.15	-1.768	5361.09	1.00017
-0.15	-1.77	5363.79	1.00016
-0.15	-1.772	5366.48	1.00011
-0.15	-1.774	5369.17	1.00005
-0.15	-1.776	5371.86	1.00005
-0.15	-1.778	5374.55	1.00005
-0.15	-1.78	5377.24	1.00003
-0.15	-1.782	5379.26	1.00012
-0.15	-1.784	5381.95	1.0001
-0.15	-1.786	5384.65	1.00012
-0.15	-1.788	5387.34	1.00007
-0.15	-1.79	5390.03	1.00005
-0.15	-1.792	5392.72	0.999996
-0.15	-1.794	5394.74	1.00012
-0.15	-1.796	5397.43	1.00011
-0.15	-1.798	5400.12	1.00014
-0.15	-1.8	5402.82	1.00005
-0.15	-1.802	5405.51	1.00005
-0.15	-1.804	5408.2	0.999981
-0.15	-1.806	5410.22	1.00012
-0.15	-1.808	5412.91	1.0001
-0.15	-1.81	5415.6	1.00014
-0.15	-1.812	5418.29	1.00005
-0.15	-1.814	5420.98	1.00006
-0.15	-1.816	5423	1.00011
-0.15	-1.818	5425.69	1.00011
-0.15	-1.82	5428.39	1.00006
-0.15	-1.822	5431.08	1.00007
-0.15	-1.824	5433.77	1.00002
-0.15	-1.826	5436.46	1.00005
-0.15	-1.828	5438.48	1.00013
-0.15	-1.83	5441.17	1.00013
-0.15	-1.832	5443.86	1.00002
-0.15	-1.834	5446.55	1.00003
-0.15	-1.836	5449.25	0.999967
-0.15	-1.838	5451.26	1.00012
-0.15	-1.84	5453.96	1.00009
-0.15	-1.842	5456.65	1.00008
-0.15	-1.844	5459.34	1.00003
-0.15	-1.846	5461.36	1.00018
-0.15	-1.848	5464.05	1.00014
-0.15	-1.85	5466.74	1.00013
-0.15	-1.852	5469.43	1.00003
-0.15	-1.854	5472.13	1.00004
-0.15	-1.856	5474.14	1.0001
-0.15	-1.858	5476.84	1.0001
-0.15	-1.86	5479.53	1.00003
-0.15	-1.862	5482.22	1.00003
-0.15	-1.864	5484.91	0.999974
-0.15	-1.866	5486.93	1.00012
-0.15	-1.868	5489.62	1.00008
-0.15	-1.87	5492.31	1.00005
-0.15	-1.872	5495	1.00001
-0.15	-1.874	5497.02	1.00015
-0.15	-1.876	5499.71	1.00012
-0.15	-1.878	5502.41	1.00008
-0.15	-1.88	5505.1	1.00003
-0.15	-1.882	5507.12	1.00016
-0.15	-1.884	5509.81	1.00013
-0.15	-1.886	5512.5	1.00009
-0.15	-1.888	5515.19	1.00004
-0.15	-1.89	5517.21	1.00017
-0.15	-1.892	5519.9	1.00014
-0.15	-1.894	5522.59	1.0001
-0.15	-1.896	5525.29	1.00004
-0.15	-1.898	5527.3	1.00017
-0.15	-1.9	5530	1.00014
-0.15	-1.902	5532.69	1.00009
-0.15	-1.904	5535.38	1.00004
-0.15	-1.906	5537.4	1.00017
-0.15	-1.908	5540.09	1.00013
-0.15	-1.91	5542.78	1.00007
-0.15	-1.912	5545.47	1.00003
-0.15	-1.914	5547.49	1.00015
-0.15	-1.916	5550.18	1.00011
-0.15	-1.918	5552.87	1.00005
-0.15	-1.92	5555.57	1
-0.15	-1.922	5557.59	1.00012
-0.15	-1.924	5560.28	1.00006
-0.15	-1.926	5562.97	1.00003
-0.15	-1.928	5564.99	1.0001
-0.15	-1.93	5567.68	1.0001
-0.15	-1.932	5570.37	1.00002
-0.15	-1.934	5573.06	1.00003
-0.15	-1.936	5575.08	1.0001
-0.15	-1.938	5577.77	1.00011
-0.15	-1.94	5580.46	1.00004
-0.15	-1.942	5582.48	1.00017
-0.15	-1.944	5585.17	1.00013
-0.15	-1.946	5587.87	1.00008
-0.15	-1.948	5590.56	1
-0.15	-1.95	5592.58	1.00011
-0.15	-1.952	5595.27	1.00005
-0.15	-1.954	5597.96	1.00003
-0.15	-1.956	5599.98	1.00009
-0.15	-1.958	5602.67	1.00011
-0.15	-1.96	5605.36	1.00004
-0.15	-1.962	5608.05	1.00005
-0.15	-1.964	5610.07	1.00013
-0.15	-1.966	5612.76	1.00008
-0.15	-1.968	5615.46	0.999992
-0.15	-1.97	5617.47	1.00011
-0.15	-1.972	5620.17	1.00003
-0.15	-1.974	5622.86	1.00005
-0.15	-1.976	5624.88	1.00012
-0.15	-1.978	5627.57	1.00013
-0.15	-1.98	5630.26	1.00004
-0.15	-1.982	5632.28	1.00014
-0.15	-1.984	5634.97	1.00007
-0.15	-1.986	5637.66	1.00005
-0.15	-1.988	5639.68	1.00011
-0.15	-1.99	5642.37	1.00013
-0.15	-1.992	5645.06	1.00005
-0.15	-1.994	5647.08	1.00016
-0.15	-1.996	5649.77	1.00009
-0.15	-1.998	5652.47	1.00006
-0.15	-2.002	5657.18	1.00014
-0.15	-2.004	5659.87	1.00005
-0.15	-2.006	5661.89	1.00016
-0.15	-2.008	5664.58	1.00008
-0.15	-2.01	5667.27	1.00006
-0.15	-2.012	5669.29	1.00013
-0.15	-2.014	5671.98	1.00015
-0.15	-2.016	5674.67	1.00004
-0.15	-2.018	5676.69	1.00013
-0.15	-2.02	5679.38	1.00007
-0.15	-2.022	5682.07	1.00008
-0.15	-2.024	5684.09	1.00016
-0.15	-2.026	5686.78	1.00013
-0.15	-2.028	5689.48	1.00001
-0.15	-2.03	5691.49	1.00012
-0.15	-2.032	5694.19	1.00007
-0.15	-2.034	5696.88	1.00007
-0.15	-2.036	5698.9	1.00012
-0.15	-2.038	5701.59	1.00006
-0.15	-2.04	5703.61	1.00017
-0.15	-2.042	5706.3	1.00016
-0.15	-2.044	5708.99	1.00006
-0.15	-2.046	5711.01	1.00011
-0.15	-2.048	5713.7	1.0001
-0.15	-2.05	5716.39	1.00007
-0.15	-2.052	5718.41	1.00015
-0.15	-2.054	5721.1	1.00005
-0.15	-2.056	5723.79	1.00006
-0.15	-2.058	5725.81	1.00015
-0.15	-2.06	5728.5	1.00007
-0.15	-2.062	5730.52	1.0001
-0.15	-2.064	5733.22	1.00013
-0.15	-2.066	5735.91	1.00004
-0.15	-2.068	5737.93	1.00012
-0.15	-2.07	5740.62	1.00006
-0.15	-2.072	5742.64	1.0002
-0.15	-2.074	5745.33	1.00012
-0.15	-2.076	5748.02	1.00008
-0.15	-2.078	5750.04	1.00015
-0.15	-2.08	5752.73	1.00013
-0.15	-2.082	5755.42	1
-0.15	-2.084	5757.44	1.00014
-0.15	-2.086	5760.13	1.00007
-0.15	-2.088	5762.15	1.00014
-0.15	-2.09	5764.84	1.00007
-0.15	-2.092	5767.53	1.00009
-0.15	-2.094	5769.55	1.00012
-0.15	-2.096	5772.24	1.00009
-0.15	-2.098	5774.26	1.00018
-0.15	-2.1	5776.95	1.00013
-0.15	-2.102	5779.65	1.00004
-0.15	-2.104	5781.67	1.00017
-0.15	-2.106	5784.36	1.00006
-0.15	-2.108	5786.38	1.00014
-0.15	-2.11	5789.07	1.00011
-0.15	-2.112	5791.09	1.00015
-0.15	-2.114	5793.78	1.00012
-0.15	-2.116	5796.47	1.00009
-0.15	-2.118	5798.49	1.00015
-0.15	-2.12	5801.18	1.00009
-0.15	-2.122	5803.2	1.00021
-0.15	-2.124	5805.89	1.0001
-0.15	-2.126	5808.58	1.00011
-0.15	-2.128	5810.6	1.00016
-0.15	-2.13	5813.29	1.00011
-0.15	-2.132	5815.31	1.00018
-0.15	-2.134	5818	1.00013
-0.15	-2.136	5820.02	1.00016
-0.15	-2.138	5822.71	1.00018
-0.15	-2.14	5825.4	1.00004
-0.15	-2.142	5827.42	1.00019
-0.15	-2.144	5830.11	1.00008
-0.15	-2.146	5832.13	1.00016
-0.15	-2.148	5834.83	1.00011
-0.15	-2.15	5836.84	1.00017
-0.15	-2.152	5839.54	1.00012
-0.15	-2.154	5841.55	1.0002
-0.15	-2.156	5844.25	1.00013
-0.15	-2.158	5846.94	1.00012
-0.15	-2.16	5848.96	1.00016
-0.15	-2.162	5851.65	1.00014
-0.15	-2.164	5853.67	1.00019
-0.15	-2.166	5856.36	1.00013
-0.15	-2.168	5858.38	1.00023
-0.15	-2.17	5861.07	1.00012
-0.15	-2.172	5863.09	1.00026
-0.15	-2.174	5865.78	1.00014
-0.15	-2.176	5868.47	1.00016
-0.15	-2.178	5870.49	1.00017
-0.15	-2.18	5873.18	1.00017
-0.15	-2.182	5875.2	1.00021
-0.15	-2.184	5877.89	1.00017
-0.15	-2.186	5879.91	1.00022
-0.15	-2.188	5882.6	1.00017
-0.15	-2.19	5884.62	1.00025
-0.15	-2.192	5887.31	1.00017
-0.15	-2.194	5889.33	1.00026
-0.15	-2.196	5892.02	1.00017
-0.15	-2.198	5894.04	1.00027
-0.15	-2.2	5896.73	1.00018
-0.15	-2.202	5898.75	1.00028
-0.15	-2.204	5901.44	1.00019
-0.15	-2.206	5903.46	1.00029
-0.15	-2.208	5906.15	1.00022
-0.15	-2.21	5908.85	1.00019
-0.15	-2.212	5910.86	1.00022
-0.15	-2.214	5913.56	1.00021
-0.15	-2.216	5915.57	1.00024
-0.15	-2.218	5918.27	1.00022
-0.15	-2.22	5920.29	1.00023
-0.15	-2.222	5922.98	1.00021
-0.15	-2.224	5925	1.00024
-0.15	-2.226	5927.69	1.00022
-0.15	-2.228	5929.71	1.00024
-0.15	-2.23	5932.4	1.00022
-0.15	-2.232	5934.42	1.00025
-0.15	-2.234	5937.11	1.00023
-0.15	-2.236	5939.13	1.00025
-0.15	-2.238	5941.82	1.00023
-0.15	-2.24	5943.84	1.00026
-0.15	-2.242	5946.53	1.00023
-0.15	-2.244	5948.55	1.00027
-0.15	-2.246	5951.24	1.00023
-0.15	-2.248	5953.26	1.00027
-0.15	-2.25	5955.95	1.00022
-0.15	-2.252	5957.97	1.00029
-0.15	-2.254	5960.66	1.00022
-0.15	-2.256	5962.68	1.00031
-0.15	-2.258	5965.37	1.00021
-0.15	-2.26	5967.39	1.00034
-0.15	-2.262	5970.08	1.00022
-0.15	-2.264	5972.1	1.00036
-0.15	-2.266	5974.79	1.00024
-0.15	-2.268	5976.81	1.00037
-0.15	-2.27	5979.5	1.00027
-0.15	-2.272	5981.52	1.00034
-0.15	-2.274	5983.54	1.00041
-0.15	-2.276	5986.23	1.00033
-0.15	-2.278	5988.25	1.00043
-0.15	-2.28	5990.94	1.00031
-0.15	-2.282	5992.96	1.00043
-0.15	-2.284	5995.65	1.00033
-0.15	-2.286	5997.67	1.0004
-0.15	-2.288	6000.36	1.00035
-0.15	-2.29	6002.38	1.00039
-0.15	-2.292	6005.07	1.00035
-0.15	-2.294	6007.09	1.00043
-0.15	-2.296	6009.78	1.00035
-0.15	-2.298	6011.8	1.00047
-0.15	-2.3	6014.49	1.00037
-0.15	-2.302	6016.51	1.00048
-0.15	-2.304	6019.2	1.00041
-0.15	-2.306	6021.22	1.00044
-0.15	-2.308	6023.24	1.00055
-0.15	-2.31	6025.93	1.00043
-0.15	-2.312	6027.95	1.00053
-0.15	-2.314	6030.64	1.00046
-0.15	-2.316	6032.66	1.00051
-0.15	-2.318	6035.35	1.00046
-0.15	-2.32	6037.37	1.00056
-0.15	-2.322	6040.06	1.00046
-0.15	-2.324	6042.08	1.0006
-0.15	-2.326	6044.1	1.00061
-0.15	-2.328	6046.79	1.00058
-0.15	-2.33	6048.81	1.00066
-0.15	-2.332	6051.5	1.00057
-0.15	-2.334	6053.52	1.00064
-0.15	-2.336	6056.21	1.0006
-0.15	-2.338	6058.23	1.00065
-0.15	-2.34	6060.92	1.00057
-0.15	-2.342	6062.94	1.00071
-0.15	-2.344	6064.96	1.0007
-0.15	-2.346	6067.65	1.00072
-0.15	-2.348	6069.67	1.00078
-0.15	-2.35	6072.36	1.00073
-0.15	-2.352	6074.38	1.00078
-0.15	-2.354	6077.07	1.00076
-0.15	-2.356	6079.09	1.00079
-0.15	-2.358	6081.11	1.00082
-0.15	-2.36	6083.8	1.00083
-0.15	-2.362	6085.82	1.00088
-0.15	-2.364	6088.51	1.00087
-0.15	-2.366	6090.53	1.00094
-0.15	-2.368	6093.22	1.00092
-0.15	-2.37	6095.24	1.00092
-0.15	-2.372	6097.26	1.00102
-0.15	-2.374	6099.95	1.00097
-0.15	-2.376	6101.97	1.00103
-0.15	-2.378	6104.66	1.00099
-0.15	-2.38	6106.68	1.00113
-0.15	-2.382	6108.7	1.00118
-0.15	-2.384	6111.39	1.0011
-0.15	-2.386	6113.41	1.00121
-0.15	-2.388	6116.1	1.00116
-0.15	-2.39	6118.12	1.00124
-0.15	-2.392	6120.81	1.00116
-0.15	-2.394	6122.83	1.00131
-0.15	-2.396	6124.85	1.00136
-0.15	-2.398	6127.54	1.00134
-0.15	-2.4	6129.56	1.00139
-0.15	-2.402	6132.25	1.00139
-0.15	-2.404	6134.27	1.00144
-0.15	-2.406	6136.29	1.00149
-0.15	-2.408	6138.98	1.0015
-0.15	-2.41	6141	1.0016
-0.15	-2.412	6143.69	1.00158
-0.15	-2.414	6145.71	1.00158
-0.15	-2.416	6147.73	1.00169
-0.15	-2.418	6150.42	1.00165
-0.15	-2.42	6152.44	1.00177
-0.15	-2.422	6154.46	1.0018
-0.15	-2.424	6157.15	1.00179
-0.15	-2.426	6159.17	1.00188
-0.15	-2.428	6161.86	1.00184
-0.15	-2.43	6163.88	1.00189
-0.15	-2.432	6165.9	1.00191
-0.15	-2.434	6168.59	1.00194
-0.15	-2.436	6170.61	1.00201
-0.15	-2.438	6173.3	1.00199
-0.15	-2.44	6175.32	1.00197
-0.15	-2.442	6177.34	1.00205
-0.15	-2.444	6180.03	1.002
-0.15	-2.446	6182.05	1.00211
-0.15	-2.448	6184.07	1.00214
-0.15	-2.45	6186.76	1.00207
-0.15	-2.452	6188.78	1.00211
-0.15	-2.454	6191.47	1.00202
-0.15	-2.456	6193.49	1.00211
-0.15	-2.458	6195.51	1.00213
-0.15	-2.46	6198.2	1.00209
-0.15	-2.462	6200.22	1.00207
-0.15	-2.464	6202.24	1.00211
-0.15	-2.466	6204.93	1.00202
-0.15	-2.468	6206.95	1.0021
-0.15	-2.47	6208.96	1.0021
-0.15	-2.472	6211.66	1.00199
-0.15	-2.474	6213.67	1.002
-0.15	-2.476	6216.37	1.00189
-0.15	-2.478	6218.39	1.00196
-0.15	-2.48	6220.4	1.00196
-0.15	-2.482	6223.1	1.0019
-0.15	-2.484	6225.11	1.00182
-0.15	-2.486	6227.13	1.00185
-0.15	-2.488	6229.82	1.00175
-0.15	-2.49	6231.84	1.0018
-0.15	-2.492	6233.86	1.00182
-0.15	-2.494	6236.55	1.00168
-0.15	-2.496	6238.57	1.00168
-0.15	-2.498	6240.59	1.00163
-0.15	-2.5	6243.28	1.00159
-0.15	-2.502	6245.3	1.00158
-0.15	-2.504	6247.32	1.0016
-0.15	-2.506	6250.01	1.00147
-0.15	-2.508	6252.03	1.0015
-0.15	-2.51	6254.05	1.0015
-0.15	-2.512	6256.74	1.00138
-0.15	-2.514	6258.76	1.00137
-0.15	-2.516	6260.78	1.00133
-0.15	-2.518	6263.47	1.00129
-0.15	-2.52	6265.49	1.00131
-0.15	-2.522	6267.51	1.00133
-0.15	-2.524	6270.2	1.00117
-0.15	-2.526	6272.22	1.00121
-0.15	-2.528	6274.24	1.00121
-0.15	-2.53	6276.93	1.00111
-0.15	-2.532	6278.95	1.00109
-0.15	-2.534	6280.97	1.00106
-0.15	-2.536	6283.66	1.00103
-0.15	-2.538	6285.68	1.00104
-0.15	-2.54	6287.7	1.00106
-0.15	-2.542	6290.39	1.00093
-0.15	-2.544	6292.41	1.00098
-0.15	-2.546	6294.42	1.00098
-0.15	-2.548	6297.12	1.00089
-0.15	-2.55	6299.13	1.00087
-0.15	-2.552	6301.15	1.00086
-0.15	-2.554	6303.85	1.00082
-0.15	-2.556	6305.86	1.00078
-0.15	-2.558	6307.88	1.00082
-0.15	-2.56	6310.57	1.00069
-0.15	-2.562	6312.59	1.00075
-0.15	-2.564	6314.61	1.00078
-0.15	-2.566	6317.3	1.00068
-0.15	-2.568	6319.32	1.00069
-0.15	-2.57	6321.34	1.00073
-0.15	-2.572	6323.36	1.00077
-0.15	-2.574	6326.05	1.00063
-0.15	-2.576	6328.07	1.00067
-0.15	-2.578	6330.09	1.00066
-0.15	-2.58	6332.78	1.00061
-0.15	-2.582	6334.8	1.00057
-0.15	-2.584	6336.82	1.00059
-0.15	-2.586	6339.51	1.00053
-0.15	-2.588	6341.53	1.00054
-0.15	-2.59	6343.55	1.00054
-0.15	-2.592	6345.57	1.00053
-0.15	-2.594	6348.26	1.00052
-0.15	-2.596	6350.28	1.00049
-0.15	-2.598	6352.29	1.0005
-0.15	-2.6	6354.99	1.00042
-0.15	-2.602	6357.01	1.00048
-0.15	-2.604	6359.02	1.00048
-0.15	-2.606	6361.04	1.00046
-0.15	-2.608	6363.73	1.00044
-0.15	-2.61	6365.75	1.00044
-0.15	-2.612	6367.77	1.00046
-0.15	-2.614	6370.46	1.00034
-0.15	-2.616	6372.48	1.00042
-0.15	-2.618	6374.5	1.00042
-0.15	-2.62	6376.52	1.00042
-0.15	-2.622	6379.21	1.00037
-0.15	-2.624	6381.23	1.00038
-0.15	-2.626	6383.25	1.0004
-0.15	-2.628	6385.94	1.00028
-0.15	-2.63	6387.96	1.00038
-0.15	-2.632	6389.98	1.00036
-0.15	-2.634	6392	1.00036
-0.15	-2.636	6394.69	1.0003
-0.15	-2.638	6396.71	1.00033
-0.15	-2.64	6398.73	1.00034
-0.15	-2.642	6400.74	1.00032
-0.15	-2.644	6403.44	1.00032
-0.15	-2.646	6405.46	1.00029
-0.15	-2.648	6407.47	1.00032
-0.15	-2.65	6410.17	1.00024
-0.15	-2.652	6412.18	1.0003
-0.15	-2.654	6414.2	1.00029
-0.15	-2.656	6416.22	1.00031
-0.15	-2.658	6418.91	1.00028
-0.15	-2.66	6420.93	1.00026
-0.15	-2.662	6422.95	1.00031
-0.15	-2.664	6424.97	1.00032
-0.15	-2.666	6427.66	1.00026
-0.15	-2.668	6429.68	1.00025
-0.15	-2.67	6431.7	1.0003
-0.15	-2.672	6433.72	1.00032
-0.15	-2.674	6436.41	1.00019
-0.15	-2.676	6438.43	1.00026
-0.15	-2.678	6440.45	1.00025
-0.15	-2.68	6442.47	1.00026
-0.15	-2.682	6445.16	1.00017
-0.15	-2.684	6447.18	1.00024
-0.15	-2.686	6449.19	1.00023
-0.15	-2.688	6451.21	1.00023
-0.15	-2.69	6453.9	1.00022
-0.15	-2.692	6455.92	1.0002
-0.15	-2.694	6457.94	1.00026
-0.15	-2.696	6459.96	1.00026
-0.15	-2.698	6462.65	1.00018
-0.15	-2.7	6464.67	1.00018
-0.15	-2.702	6466.69	1.00024
-0.15	-2.704	6468.71	1.00023
-0.15	-2.706	6470.73	1.0002
-0.15	-2.708	6473.42	1.00019
-0.15	-2.71	6475.44	1.00017
-0.15	-2.712	6477.46	1.00022
-0.15	-2.714	6479.48	1.00025
-0.15	-2.716	6482.17	1.00018
-0.15	-2.718	6484.19	1.00018
-0.15	-2.72	6486.2	1.00022
-0.15	-2.722	6488.22	1.00022
-0.15	-2.724	6490.91	1.00009
-0.15	-2.726	6492.93	1.00018
-0.15	-2.728	6494.95	1.00015
-0.15	-2.73	6496.97	1.0002
-0.15	-2.732	6498.99	1.00024
-0.15	-2.734	6501.68	1.00015
-0.15	-2.736	6503.7	1.00017
-0.15	-2.738	6505.72	1.00019
-0.15	-2.74	6507.74	1.00019
-0.15	-2.742	6510.43	1.00008
-0.15	-2.744	6512.45	1.00016
-0.15	-2.746	6514.47	1.00015
-0.15	-2.748	6516.49	1.0002
-0.15	-2.75	6518.5	1.00023
-0.15	-2.752	6521.2	1.00009
-0.15	-2.754	6523.21	1.00015
-0.15	-2.756	6525.23	1.00014
-0.15	-2.758	6527.25	1.00016
-0.15	-2.76	6529.27	1.00021
-0.15	-2.762	6531.96	1.00013
-0.15	-2.764	6533.98	1.00014
-0.15	-2.766	6536	1.00017
-0.15	-2.768	6538.02	1.00016
-0.15	-2.77	6540.04	1.00015
-0.15	-2.772	6542.73	1.00014
-0.15	-2.774	6544.75	1.00012
-0.15	-2.776	6546.77	1.00018
-0.15	-2.778	6548.79	1.00017
-0.15	-2.78	6550.8	1.00013
-0.15	-2.782	6553.5	1.00013
-0.15	-2.784	6555.51	1.0001
-0.15	-2.786	6557.53	1.00017
-0.15	-2.788	6559.55	1.00017
-0.15	-2.79	6561.57	1.00014
-0.15	-2.792	6564.26	1.00009
-0.15	-2.794	6566.28	1.0001
-0.15	-2.796	6568.3	1.00015
-0.15	-2.798	6570.32	1.00016
-0.15	-2.8	6572.34	1.00016
-0.15	-2.802	6575.03	1.00006
-0.15	-2.804	6577.05	1.00012
-0.15	-2.806	6579.07	1.00012
-0.15	-2.808	6581.09	1.00015
-0.15	-2.81	6583.1	1.00015
-0.15	-2.812	6585.8	1.00003
-0.15	-2.814	6587.81	1.00012
-0.15	-2.816	6589.83	1.00009
-0.15	-2.818	6591.85	1.00015
-0.15	-2.82	6593.87	1.00014
-0.15	-2.822	6595.89	1.00011
-0.15	-2.824	6598.58	1.00011
-0.15	-2.826	6600.6	1.00008
-0.15	-2.828	6602.62	1.00013
-0.15	-2.83	6604.64	1.00011
-0.15	-2.832	6606.66	1.00011
-0.15	-2.834	6608.67	1.00019
-0.15	-2.836	6611.37	1.00006
-0.15	-2.838	6613.39	1.0001
-0.15	-2.84	6615.4	1.00008
-0.15	-2.842	6617.42	1.00013
-0.15	-2.844	6619.44	1.00016
-0.15	-2.846	6621.46	1.00013
-0.15	-2.848	6624.15	1.00007
-0.15	-2.85	6626.17	1.00008
-0.15	-2.852	6628.19	1.00013
-0.15	-2.854	6630.21	1.00012
-0.15	-2.856	6632.23	1.0001
-0.15	-2.858	6634.25	1.00015
-0.15	-2.86	6636.94	1.00007
-0.15	-2.862	6638.96	1.00008
-0.15	-2.864	6640.97	1.00007
-0.15	-2.866	6642.99	1.00011
-0.15	-2.868	6645.01	1.00014
-0.15	-2.87	6647.03	1.00012
-0.15	-2.872	6649.72	1.00004
-0.15	-2.874	6651.74	1.00008
-0.15	-2.876	6653.76	1.00009
-0.15	-2.878	6655.78	1.00009
-0.15	-2.88	6657.8	1.0001
-0.15	-2.882	6659.82	1.00014
-0.15	-2.884	6661.83	1.00013
-0.15	-2.886	6664.53	1.00004
-0.15	-2.888	6666.55	1.00007
-0.15	-2.89	6668.56	1.0001
-0.15	-2.892	6670.58	1.00009
-0.15	-2.894	6672.6	1.00009
-0.15	-2.896	6674.62	1.00014
-0.15	-2.898	6677.31	1.00003
-0.15	-2.9	6679.33	1.00005
-0.15	-2.902	6681.35	1.00006
-0.15	-2.904	6683.37	1.00009
-0.15	-2.906	6685.39	1.00008
-0.15	-2.908	6687.41	1.0001
-0.15	-2.91	6689.42	1.00014
-0.15	-2.912	6691.44	1.0001
-0.15	-2.914	6694.13	1.00006
-0.15	-2.916	6696.15	1.00005
-0.15	-2.918	6698.17	1.00009
-0.15	-2.92	6700.19	1.00006
-0.15	-2.922	6702.21	1.0001
-0.15	-2.924	6704.23	1.00012
-0.15	-2.926	6706.25	1.00008
-0.15	-2.928	6708.94	1.00007
-0.15	-2.93	6710.96	1.00002
-0.15	-2.932	6712.98	1.00007
-0.15	-2.934	6714.99	1.00005
-0.15	-2.936	6717.01	1.00012
-0.15	-2.938	6719.03	1.0001
-0.15	-2.94	6721.05	1.00011
-0.15	-2.942	6723.07	1.00016
-0.15	-2.944	6725.76	1
-0.15	-2.946	6727.78	1.00009
-0.15	-2.948	6729.8	1.00005
-0.15	-2.95	6731.82	1.00005
-0.15	-2.952	6733.84	1.00009
-0.15	-2.954	6735.86	1.00011
-0.15	-2.956	6737.87	1.0001
-0.15	-2.958	6739.89	1.00013
-0.15	-2.96	6741.91	1.00013
-0.15	-2.962	6744.6	1.00004
-0.15	-2.964	6746.62	1.00006
-0.15	-2.966	6748.64	1.00007
-0.15	-2.968	6750.66	1.00004
-0.15	-2.97	6752.68	1.00011
-0.15	-2.972	6754.7	1.00009
-0.15	-2.974	6756.72	1.0001
-0.15	-2.976	6758.73	1.00015
-0.15	-2.978	6760.75	1.00008
-0.15	-2.98	6763.44	1.00008
-0.15	-2.982	6765.46	1.00002
-0.15	-2.984	6767.48	1.00007
-0.15	-2.986	6769.5	1.00005
-0.15	-2.988	6771.52	1.00006
-0.15	-2.99	6773.54	1.00008
-0.15	-2.992	6775.56	1.00011
-0.15	-2.994	6777.58	1.00009
-0.15	-2.996	6779.59	1.00013
-0.15	-2.998	6781.61	1.0001
