,fundamental,msf,SCI,amplitud
0,5490.15544041,5809.57773339,1.05818091973,5178.0
1,6205.41474654,5939.81288204,0.957198370238,7041.0
2,5458.54545455,6006.44019497,1.10037376165,9545.0
3,6129.78910369,5982.2061625,0.975923651092,10111.0
4,6092.01550388,5949.60838492,0.976623972991,11087.0
5,5985.24720893,5891.24750894,0.984294767332,11866.0
6,6040.06514658,5861.67065436,0.970464806605,11656.0
7,5670.05772006,5948.41704853,1.04909285623,12983.0
8,5995.67901235,5937.39849636,0.990279580367,13754.0
9,6054.85714286,6026.7266539,0.995354062318,15484.0
10,5947.98611111,5997.72867146,1.00836292477,14656.0
11,5969.57746479,6061.00023088,1.01531478009,15105.0
12,5417.55994358,6054.26608015,1.1175263667,15863.0
13,5221.33233533,6051.70974736,1.15903554087,15567.0
14,6010.24173028,6050.655074,1.00672407958,15775.0
15,6015.14550265,6111.60282926,1.01603574287,15965.0
16,5834.53678474,6085.60949021,1.04303215743,16422.0
17,5991.78571429,6112.02268027,1.02006696696,16596.0
18,5293.49489796,5977.13903324,1.12914797283,18878.0
19,5675.57510149,6037.8332096,1.06382755961,17919.0
20,5555.29801325,6038.63935172,1.08700547429,19354.0
21,6029.01849218,6031.5882935,1.00042623875,18114.0
22,5879.12932138,6005.0927842,1.0214255302,21314.0
23,5325.87373168,6021.33353208,1.13058135349,22708.0
24,5931.43219265,6010.38881387,1.01331156096,21425.0
25,5505.51558753,5972.84835442,1.08488446894,21253.0
26,5889.75840336,5974.02429157,1.01430718927,22350.0
27,5737.31435644,5904.83764139,1.02919890293,21554.0
28,5962.04889406,5983.8796818,1.00366162508,23088.0
29,5823.61894025,5925.42378506,1.01748137127,22959.0
30,5688.93171806,5842.60621633,1.02701289203,25511.0
31,5348.33729216,5841.12323759,1.09213815781,24563.0
32,5644.54905847,5769.52690355,1.02214133384,27388.0
33,5561.81716834,5903.57749645,1.06144760206,28276.0
34,5028.19444444,5507.49926339,1.09532344547,28664.0
35,5798.6865942,5680.49398434,0.97961734818,32771.0
36,5949.58178439,5895.40052677,0.990893266185,34101.0
37,5578.5198556,5697.97829831,1.02141400332,33482.0
38,5914.64995678,5921.9688106,1.00123741115,34013.0
39,6053.75545852,5835.145754,0.963888580235,33707.0
40,5874.03433476,5769.95159877,0.982280877152,33674.0
41,5599.90808824,5689.11755405,1.01593052322,33363.0
42,5896.87771032,5751.64510731,0.97537127101,33688.0
43,6058.25112108,5798.00233359,0.957042258189,33415.0
44,5757.13121434,5912.28078824,1.026949112,33806.0
45,6153.05385897,6065.85729085,0.98582873316,33406.0
46,6044.63307777,6075.51411173,1.00510883515,33514.0
47,6258.81226054,6084.95735065,0.972222379798,33798.0
48,6150.46273746,6055.38441954,0.984541274051,33562.0
49,5839.03459821,5935.39010851,1.01650195913,33078.0
50,6055.86226522,6134.43243322,1.01297423299,32975.0
51,6253.09979839,6065.618764,0.97001790465,33180.0
52,6245.73310424,6035.76540108,0.966382216522,34166.0
53,6164.33962264,5945.97697621,0.96457647375,33277.0
54,6129.11866359,5919.72615484,0.965836440727,32921.0
55,5648.56569134,5535.61672405,0.980003956145,29293.0
56,5305.14153668,5323.67080676,1.00349270042,24757.0
57,5204.1781959,5283.55660644,1.01525282332,21921.0
58,5126.77564825,5335.8967685,1.0407899886,21999.0
59,5232.59259259,5330.93720948,1.01879462525,19799.0
60,5163.59820929,5426.34849492,1.05088511441,19919.0
61,5130.73794306,5405.48362748,1.05354896069,20526.0
62,5136.70738802,5386.20178497,1.04857087977,22355.0
63,5060.57846813,5388.1440477,1.06472888063,21144.0
64,5240.14500537,5400.73464954,1.0306460306,21261.0
65,5129.94216614,5391.49941478,1.05098639325,21438.0
66,5087.91821561,5352.40101485,1.05198251781,21621.0
67,5125.77399381,5319.54775318,1.03780380477,20825.0
68,5074.98650836,5282.26493596,1.0408431485,18317.0
69,5071.95838987,5305.72398281,1.0460898089,19788.0
70,5120.14242116,5322.56032472,1.0395336471,20406.0
71,5099.8349835,5327.10753564,1.04456468746,20750.0
72,4969.42997685,5133.99687393,1.03311584987,28657.0
73,4964.11715713,5106.50487889,1.02868339268,24767.0
74,4908.36676218,5103.02446364,1.0396583448,27604.0
75,4924.95057893,5166.27347695,1.0490000649,27807.0
76,4929.00731159,5159.24831805,1.04671143537,26277.0
77,4941.97601371,5176.67554918,1.04749103088,23926.0
78,2996.81988242,5228.98592036,1.74484491078,6991.0
79,6157.41839763,6069.38085206,0.98570219857,15855.0
80,2993.47027388,5192.77992334,1.73470235153,8085.0
81,5969.57746479,5885.19227078,0.985864126146,16951.0
82,2984.72455167,5226.50104267,1.75108320791,7919.0
83,6064.56043956,5682.59646462,0.937017038787,15280.0
84,3000.8115648,5429.39195047,1.80930785997,7809.0
85,3030.57722309,4982.86159849,1.64419555474,4136.0
86,2970.9962406,5291.71661593,1.78112531534,6946.0
87,5657.21326165,5662.98599721,1.00102042035,22423.0
88,5736.42691415,5858.95824364,1.02136021801,33120.0
89,5838.33189283,6130.58974376,1.05005845099,33109.0
90,5921.64685908,6068.84419552,1.02485749994,33544.0
91,5799.03677758,5989.80322653,1.03289623023,33985.0
92,6129.91735537,5965.41932068,0.97316472227,33722.0
93,5673.74468085,5970.52166785,1.05230707473,33582.0
94,5929.46963216,5995.64310211,1.01116009931,33579.0
95,5956.42661805,5961.32905689,1.00082305032,33480.0
96,6092.38351254,6063.33362851,0.995231770296,33877.0
97,5751.34099617,6179.85417641,1.07450665515,33543.0
98,6110.18452803,6276.22107228,1.02717373649,33232.0
99,6109.16079436,6175.01919069,1.01078026893,31792.0
100,5916.4681358,6136.79562298,1.0372396981,31050.0
101,6077.9185022,6168.18186669,1.01485103238,29895.0
102,6222.00323974,6153.58847001,0.989004382174,25272.0
103,6213.32951945,6087.28860982,0.979714433424,26911.0
104,6148.40604027,6076.88302891,0.988367227068,33195.0
105,2342.17506631,2615.50833462,1.11670061399,6763.0
106,2481.29844961,2757.20251515,1.11119342197,12201.0
107,2526.65662651,2902.03857219,1.14856864275,14160.0
108,2581.07692308,2891.8452165,1.12040256943,14892.0
109,2463.30472103,2876.9741764,1.16793271731,18878.0
110,2530.08595989,2918.36234704,1.15346371361,20278.0
111,2488.22254335,2859.45370962,1.14919532309,21421.0
112,2422.49657064,2874.43414686,1.18655860309,22220.0
113,2593.51092896,2877.91161975,1.10965856654,22439.0
114,2620.51612903,2858.19484591,1.09069920015,23209.0
115,2551.38190955,2881.91587846,1.12955095734,25364.0
116,2509.81912145,2839.0368447,1.1311718922,24301.0
117,2567.50948167,2821.28904332,1.09884269696,25707.0
118,2518.0608365,2803.88870678,1.1135111059,22368.0
119,2527.67175573,2785.53021484,1.10201421863,21732.0
120,2569.57671958,2768.40614835,1.07737828073,20803.0
121,2539.84088127,2762.28292454,1.08758109412,21213.0
122,2490.51282051,2788.88027679,1.11980161428,22123.0
123,2434.74264706,2806.18677649,1.15255991424,21567.0
124,2658.97114178,2820.92152842,1.06090716221,21998.0
125,2494.05048077,2834.92977924,1.13667698433,22128.0
126,2635.82089552,2894.8463111,1.09827125053,23135.0
127,2502.4291498,2848.91068068,1.13845807819,21940.0
128,2524.39172749,2875.25896381,1.1389908042,20577.0
129,2543.20276498,2875.4411667,1.1306377951,17855.0
130,2602.62593783,3014.76006755,1.15835319387,27298.0
131,2555.30546624,3039.68709191,1.18955918659,23081.0
132,2669.12784936,3106.25361799,1.16377101185,26220.0
133,2592.82218597,3036.15936438,1.17098634099,20563.0
134,2705.96774194,3096.97922488,1.14449968375,22097.0
135,2664.22413793,2616.0425761,0.981915349708,3125.0
136,2552.2433132,2993.42241149,1.17285934143,21017.0
137,2557.97592175,3050.96305225,1.19272547733,16996.0
138,2787.24747475,2787.65925564,1.00014773747,3661.0
139,2605.1242236,3018.63451011,1.15872958486,18296.0
140,2497.96052632,3041.98915642,1.21778912212,18428.0
141,2626.59667542,3078.11191652,1.17190124595,21302.0
142,2695.20348837,3044.16368794,1.12947452802,21005.0
143,2856.06469003,2959.43698304,1.03619396065,3051.0
144,2725.30864198,2999.68422439,1.10067688415,18699.0
145,2610.81200353,3008.29554399,1.15224517887,19240.0
146,2567.34985701,3034.51798289,1.18196512042,19066.0
147,2673.14453125,2987.70015062,1.1176725073,17983.0
148,2587.24007561,3003.80026377,1.16100561834,16612.0
149,2576.07719928,3006.80742381,1.16720392721,18054.0
150,2629.49087416,2960.30135146,1.12580780582,15796.0
151,2699.82014388,3153.7484294,1.16813278712,2738.0
152,2658.66788321,3003.65750227,1.12976032894,15767.0
153,2604.47193149,2936.148466,1.1273488612,16323.0
154,2661.09589041,3016.8379018,1.13368252256,16953.0
155,2597.05882353,2961.42581633,1.14029986133,18441.0
156,2520.4567079,2940.76457495,1.16675861392,17301.0
157,2609.85221675,2882.65537484,1.10452820138,15972.0
158,2550.49800797,2891.3043703,1.13362345756,16324.0
159,2580.79331942,2875.36123688,1.11413851518,16374.0
160,2548.00629591,2906.43127472,1.14066879638,15234.0
161,2597.05882353,2879.36318544,1.10870156631,15265.0
162,2584.89461358,2975.9097796,1.15126928733,13862.0
163,2406.14702155,2891.59090788,1.20175154801,10915.0
164,2517.3245614,2987.89416031,1.18693243061,14481.0
165,2481.49882904,2856.11391215,1.15096323187,13090.0
166,2672.75784753,2983.71709898,1.11634396724,13310.0
167,2550.88888889,2894.80042022,1.13482027101,12503.0
168,2542.41417497,2897.54061624,1.13968079818,12414.0
169,2537.35632184,2955.05852063,1.16462102512,11471.0
170,2472.81213536,2931.11812882,1.1853379749,10490.0
171,2649.0,2888.54671283,1.09042911017,11339.0
172,2597.05882353,2876.69316645,1.10767347293,11357.0
173,2570.88465845,2848.26483974,1.10789289219,11470.0
174,2511.81619256,2866.09286039,1.14104402579,11718.0
175,2559.42028986,2859.69914058,1.11732299377,12468.0
176,2564.95673671,2789.38119816,1.08749639253,11484.0
177,2597.05882353,2924.10930278,1.12593110186,11006.0
178,2522.85714286,2708.32102338,1.07351342943,11884.0
179,2534.29003021,2904.22783188,1.14597295387,12642.0
180,2620.57344064,2931.41858994,1.11861722495,12286.0
181,2533.90077821,2829.50032354,1.11665790069,12454.0
182,2587.69161407,2961.68686294,1.14452852374,16637.0
183,2480.33707865,2900.98416023,1.16959270786,14670.0
184,2268.09803922,2747.95866258,1.21156961254,20766.0
185,2239.01202104,2619.55896958,1.16996199438,20201.0
186,2250.85666527,2675.9388122,1.18885349453,21672.0
187,2234.53061224,2646.74592908,1.18447512626,24024.0
188,2274.54825067,2715.60435288,1.19390931895,26205.0
189,2162.58477769,2647.75872824,1.22434910092,23782.0
190,2275.77319588,2664.63689797,1.17087102651,24729.0
191,2171.58531971,2682.77323649,1.23539849534,20563.0
192,2248.20017559,2744.74388679,1.22086276684,21082.0
193,2206.61735306,2726.21735711,1.23547354204,22593.0
194,3908.54114713,3873.58772186,0.991057168401,9095.0
195,3768.90243902,4028.12448318,1.06877918661,30258.0
196,3839.13043478,4149.62626888,1.08087660458,43915.0
197,3835.42471042,4135.43594085,1.07822112362,44314.0
198,3839.13043478,4104.22168336,1.0690498156,47779.0
199,3991.42066421,4105.04208278,1.02846641037,52528.0
200,4062.88343558,3355.80479838,0.825966299941,3413.0
201,3740.89765101,4090.16121892,1.0933635722,53341.0
202,3804.85248447,4068.24227582,1.06922470514,51374.0
203,4013.63636364,3722.65892732,0.927502790499,3544.0
204,4044.59980714,4174.76808706,1.03218322853,51422.0
205,3845.51196809,4126.31172678,1.07302012346,56834.0
206,3831.04465038,4049.65795076,1.05706362633,52431.0
207,3749.54093344,4026.2941512,1.07380989371,49483.0
208,3926.30085147,4090.3239041,1.04177546725,44762.0
209,3990.96045198,3805.96598348,0.953646629496,3886.0
210,3818.61030126,4041.70353611,1.05842262427,38774.0
211,3822.51082251,4036.96460917,1.05610285925,34443.0
212,3927.45398773,4111.62903141,1.04689425879,40448.0
213,2924.01551313,3388.66704545,1.1589087097,24829.0
214,2801.90389846,3042.61720198,1.08591062087,29662.0
215,2816.11414184,3070.9681025,1.09049844851,31737.0
216,2769.90250106,3017.71899377,1.0894675869,21085.0
217,2716.92307692,3043.80659313,1.12031386497,19762.0
218,2733.27601032,3045.84207742,1.11435583744,17156.0
219,2713.12849162,3048.32677238,1.12354677701,18847.0
220,2707.57196496,3088.92239015,1.14084590553,16836.0
221,2736.64932813,3057.73123206,1.1173266522,17558.0
222,2773.39491917,3083.8353963,1.11193518636,19483.0
223,2748.71189352,3051.21844675,1.11005393252,18673.0
224,2722.05648369,3049.14473555,1.12016218393,18311.0
225,2705.16838167,3115.16136651,1.15155913681,16361.0
226,2710.27580071,3086.22272786,1.13871168648,16449.0
227,2727.34245439,3005.68610976,1.10205673106,17412.0
228,2699.61783439,3003.46790721,1.11255299507,17595.0
229,2697.94849411,2993.91642426,1.10970110467,18434.0
230,2729.60580913,2954.40467274,1.08235579762,17875.0
231,2736.49061545,3018.50040536,1.1030552739,15995.0
232,2736.64932813,3085.14666867,1.12734453661,15366.0
233,2672.33589088,3015.71979067,1.12849578564,14288.0
234,2446.42672191,2830.72398815,1.1570851327,21117.0
235,2376.4691358,2835.89797698,1.19332413548,20323.0
236,2471.39468691,2857.8864425,1.15638609148,23532.0
237,2387.08943911,2894.63999324,1.21262318278,23515.0
238,2437.73006135,2858.09023724,1.17243918125,23596.0
239,2410.55090999,2851.08179343,1.182751122,21008.0
240,2435.71073559,2856.32922951,1.17268819642,23525.0
241,2473.56403013,2838.33485982,1.14746771268,23301.0
242,2397.70234987,2878.6532816,1.20058825557,22970.0
243,2553.45149254,2935.74257063,1.14971542605,37240.0
244,2543.85403329,3004.87282242,1.18122847581,43670.0
245,2619.31443639,3011.86571216,1.14986794648,40889.0
246,2626.57085561,3046.02101462,1.15969497191,42105.0
247,2646.882494,3042.47117261,1.14945456759,43521.0
248,2676.62972621,3059.03195782,1.14286706445,44719.0
249,2588.67670791,3007.85974382,1.16192946559,46265.0
250,2658.55886333,3041.12131063,1.1438984303,39122.0
251,2744.45945946,3096.01393334,1.12809607104,46530.0
252,2691.69586545,3063.47931444,1.13812238365,35316.0
253,2681.17408907,3029.72025953,1.12999759019,37813.0
254,2640.19933555,3054.57756285,1.15694959912,37426.0
255,2691.71636846,3068.10483059,1.13983214076,37805.0
256,2722.15799615,3062.25294884,1.12493578741,37124.0
257,2635.82089552,3033.39513102,1.15083507236,41288.0
258,2604.4242768,2997.72594151,1.15101290071,38283.0
259,2547.11538462,2998.39379235,1.17717234581,44947.0
260,2439.39290587,2865.10217083,1.174514431,22003.0
261,2248.37962963,2545.60980182,1.13219750271,8351.0
262,2323.68421053,2656.774193,1.14334563232,11358.0
263,2382.6984127,2665.56715239,1.11871781094,13507.0
264,2294.6985447,2639.6064494,1.15030641192,15273.0
265,2346.1352657,2669.94163788,1.1380169238,14525.0
266,2396.9352014,2665.59419303,1.1120843782,14423.0
267,2242.74310595,2654.14416438,1.18343655024,17121.0
268,2443.41603053,2766.30472138,1.13214642403,16135.0
269,2556.94980695,2779.12981358,1.08689259602,17231.0
270,2414.9368864,2754.6411302,1.14066795936,18260.0
271,2481.80473373,2766.18371387,1.11458555795,17164.0
272,2358.01136364,2754.57553954,1.16817738117,18791.0
273,2253.9039039,2696.11204916,1.19619653903,18701.0
274,2400.59101655,2745.60871448,1.14372198161,17675.0
275,3549.03536977,2735.01167382,0.770635225873,18652.0
276,2442.72540984,2427.57561962,0.993797997042,3830.0
277,2456.46616541,2711.01661308,1.10362465042,19564.0
278,2488.22254335,2760.93052212,1.10959951291,17881.0
279,2389.29411765,2778.38948814,1.16284950757,2732.0
280,2358.16023739,2733.23376427,1.15905345232,21164.0
281,2422.49657064,2757.82245529,1.13842161376,19787.0
282,2452.77777778,2807.82412793,1.14475275884,19836.0
283,2323.68421053,2565.82243993,1.10420444754,2842.0
284,2196.2372449,2822.72386807,1.28525453005,20493.0
285,2303.47826087,2818.40393859,1.2235426687,19863.0
286,2423.66468843,2861.73519369,1.18074715836,21503.0
287,2312.94298921,2828.71307836,1.22299299704,19820.0
288,2408.18181818,2809.76447288,1.16675761426,24041.0
289,2402.41273101,2828.36945746,1.17730372511,20639.0
290,2486.6091954,2942.77208728,1.18344776201,17994.0
291,2493.0698152,2985.17781438,1.1973903804,25253.0
292,2587.92497069,3023.78421499,1.16842035578,25466.0
293,2516.55,3063.79234042,1.21745736839,34392.0
294,2776.1663286,3024.6117147,1.0894922554,36115.0
295,2706.87103594,3010.49863883,1.11216921636,30887.0
296,2658.58835143,3007.6039813,1.13127855227,29346.0
297,2474.77578475,2850.0595258,1.15164353206,4298.0
298,2809.97842503,3003.9688308,1.06903626165,30644.0
299,2693.06839187,3027.64641288,1.12423673384,28068.0
300,2662.74319066,2980.69361772,1.11940709422,26080.0
301,2525.52966102,3002.08174021,1.188693915,28745.0
302,2691.64687253,2977.54942774,1.10621844869,31888.0
303,2686.9884575,2986.64268453,1.11152047423,29393.0
304,2679.39311594,2970.33861229,1.10858634167,32904.0
305,2693.15,3046.22432996,1.13110087814,30521.0
306,2645.53045187,3045.22922644,1.15108454877,28424.0
307,2575.41666667,3032.01417595,1.17729073326,28975.0
308,2650.82815735,3080.43713484,1.16206594769,31192.0
309,2675.75757576,3054.28008466,1.1414636783,35042.0
310,2849.80139027,3097.52750725,1.08692750232,35238.0
311,2633.70750481,2995.9845618,1.13755402084,31341.0
312,2645.18221124,3048.08268479,1.15231482801,40091.0
313,2484.63203463,2732.15170511,1.09962025243,4073.0
314,2674.06940063,3025.69612763,1.13149498922,44492.0
315,2709.46382429,3029.24261248,1.11802290377,39347.0
316,2727.59162304,3079.19193668,1.12890504234,43762.0
317,2684.98432602,3043.49794155,1.1335254035,43729.0
318,2692.75730623,3030.49274144,1.12542364454,37944.0
319,2650.51457976,3057.91776358,1.15370720347,35328.0
320,2719.59370904,3050.72685058,1.12175831281,35616.0
321,2738.57971014,3042.0003933,1.11079490658,36891.0
322,2634.36464088,3027.71116469,1.14931362109,31756.0
323,2484.63203463,2652.54345223,1.06757999384,5241.0
324,2669.66840052,3038.19872244,1.13804348205,36303.0
325,2680.2698145,3066.52385088,1.14411013185,34428.0
326,2615.3372434,3069.8297889,1.17377970915,37137.0
327,2599.76550287,2996.35441974,1.15254795728,37203.0
328,2519.97716895,2665.62590065,1.0577976394,3748.0
329,2629.78235968,3047.89926199,1.15899296791,43323.0
330,2681.56182213,2659.2298216,0.991672017278,4674.0
331,2643.07950192,3092.79464077,1.17014816941,44469.0
332,2356.32022472,2947.74072965,1.2509932643,3011.0
333,2615.56792873,3082.20887171,1.17840903226,42408.0
334,2642.78169014,2728.86978222,1.03257480268,2583.0
335,2594.79756204,2976.48485972,1.14709713901,37721.0
336,1976.86567164,2819.13951509,1.42606528887,3658.0
337,2238.01843318,2718.97898766,1.21490464393,3505.0
338,2751.18694362,3044.91961014,1.10676579692,2606.0
339,2443.72693727,2843.19096545,1.16346508363,26110.0
340,2377.30769231,2740.2996707,1.15269036464,2828.0
341,2391.24857469,2861.64491829,1.1967157863,22748.0
342,2465.50198352,2854.94115655,1.15795532741,20477.0
343,3297.95180723,2863.00880522,0.868117235353,3867.0
344,2248.67288379,2695.8748516,1.19887373172,25117.0
345,2197.58607784,2612.72238229,1.18890559447,24978.0
346,2248.69751166,2639.02279742,1.17357838648,27490.0
347,2226.78713264,2642.44078341,1.18666070262,25267.0
348,2194.90627547,2665.645201,1.21446880479,25343.0
349,2245.21969081,2719.70937493,1.21133329895,25787.0
350,2268.79403232,2782.79258847,1.22655144047,27049.0
351,2026.20772947,2237.50472394,1.10428200002,6022.0
352,2201.02639296,2509.58150359,1.14018691989,2546.0
353,2251.5067223,2677.46163651,1.18918660557,27952.0
354,2121.62471396,2555.34555015,1.2044286312,7495.0
355,2295.96851145,2662.44645579,1.1596180185,27096.0
356,2053.48837209,3015.42831759,1.46844187606,3993.0
357,2224.1813602,2439.72257386,1.09690811078,2888.0
358,2139.0503876,2639.68320648,1.23404442541,23415.0
359,2236.67400881,3024.80790623,1.35236869312,3003.0
360,2428.68369352,3541.37041828,1.45814394346,4557.0
361,2127.71084337,2180.37518719,1.02475164517,2343.0
362,2392.55227316,2744.50756033,1.14710453398,17098.0
363,2440.98557692,2433.89975106,0.99709714554,4451.0
364,2221.99124726,2470.47359252,1.1118286787,3701.0
365,2138.01452785,2960.25338839,1.3845805769,2798.0
366,2461.61434208,2743.56766662,1.11454000723,16510.0
367,2476.73985296,2654.6447,1.0718302517,15176.0
368,2842.99242424,4118.64576096,1.44870092718,5047.0
369,2519.42934783,3992.78920906,1.58479903892,5483.0
370,3044.82758621,4032.55967464,1.32439672214,3951.0
371,2662.71702711,4485.5241448,1.68456659087,12700.0
372,3486.52360515,3532.65025693,1.01322998408,8050.0
373,3528.25318246,3544.21893265,1.00452511466,11376.0
374,3487.76493256,3535.86491048,1.01379106071,17129.0
375,3398.21212121,3505.39389231,1.03154063586,15609.0
376,3320.4735376,3368.02182484,1.01431973082,11458.0
377,3251.04545455,3295.93882502,1.01380890274,8669.0
378,3222.62773723,3354.05430173,1.04078242206,15565.0
379,3145.82309582,3262.76753604,1.03717451257,15988.0
380,3267.04005431,3364.0513183,1.02969393163,16091.0
381,3295.21136063,3318.21011667,1.00697944791,18296.0
382,3128.74015748,3264.22803608,1.04330429239,19904.0
383,3216.22516556,3204.35367642,0.996308874992,21243.0
384,3125.66371681,3096.47327439,0.990661041919,19283.0
385,3090.23128424,3083.20560675,0.997726488135,17311.0
386,3107.98240101,3174.04502027,1.02125578936,19703.0
387,3318.08134394,3476.81100616,1.04783778508,17291.0
388,3168.91727494,3166.22518494,0.999150470092,21371.0
389,3351.10537951,3464.44739664,1.03382227781,23468.0
390,3275.73867367,3316.8962862,1.01256437605,18695.0
391,3287.76595745,3334.65127872,1.01426054101,25559.0
392,3184.12271259,3287.25024028,1.03238805065,20509.0
393,3299.12087912,3244.40091389,0.98341377378,14078.0
394,3300.32979113,3318.10047662,1.0053845181,15277.0
395,3348.6377025,3358.55595321,1.00296187632,14412.0
396,3319.17264828,3451.66191809,1.03991635382,16965.0
397,3502.24640225,3464.97620852,0.989358203436,18273.0
398,3508.71347113,3581.35478819,1.02070312029,20937.0
399,3286.94512408,3464.84803329,1.05412408863,17470.0
400,3610.54519369,3484.91539859,0.96520475763,18694.0
401,3390.30647383,3514.39333215,1.03660048414,15186.0
402,3552.86083426,3645.91378265,1.02619099164,19043.0
403,3435.92746505,3320.00417056,0.966261425577,11402.0
404,2027.45030843,2499.42838295,1.23279390502,23251.0
405,2272.42647059,2377.74132404,1.04634466937,13298.0
406,2209.3411176,2412.19692286,1.09181733126,12064.0
407,2165.98528209,2641.2870477,1.219439056,26380.0
408,2008.44841592,2685.11632163,1.33691077169,27112.0
409,1977.40228013,2627.98154632,1.32900703753,23830.0
410,2019.52850106,2611.36882732,1.29305866491,24177.0
411,2008.26714801,2669.10018152,1.32905633803,28887.0
412,2003.67762128,2692.9135382,1.34398543438,29985.0
413,1899.25952045,2752.44362294,1.44921933696,27958.0
414,2022.87272727,2757.06323776,1.36294449008,28044.0
415,2109.55631399,2620.87346189,1.24238136925,29506.0
416,1930.84203655,2557.12797068,1.32435896996,30159.0
417,1876.88031393,2560.26909699,1.36410887684,30791.0
418,1903.26583932,2574.15658897,1.35249450486,31029.0
419,2764.94949495,3476.45787479,1.25733142003,31792.0
420,1903.40457027,2670.83428156,1.40318791038,13688.0
421,3900.27043269,4066.47565824,1.04261376959,38082.0
422,1833.97484756,2672.68429004,1.45731785449,13705.0
423,4280.11163337,4267.45461086,0.997042828879,47536.0
424,1816.50542207,2760.05313471,1.51943016584,14482.0
425,4145.92661692,3984.54629688,0.961074969494,40138.0
426,1767.09023562,2715.60426503,1.53676604074,11380.0
427,4091.48706897,4226.11990251,1.03290559918,1841.0
428,2873.66863905,4135.62891455,1.43914606519,11106.0
429,2295.8,3201.94016236,1.39469473053,1974.0
430,3958.27586207,3602.51929236,0.910123351148,1310.0
431,3372.30026339,5069.71342427,1.50333986546,3728.0
432,3423.58642973,4243.5264994,1.23949740616,2323.0
433,2768.66253322,4244.82200313,1.53316699027,11895.0
434,1981.79551122,3184.40407925,1.60682777876,2358.0
435,2697.6987171,4040.31306492,1.49768876684,8806.0
436,2700.66489362,3056.73174779,1.13184414513,3709.0
437,2497.1719457,3122.22031652,1.25030249595,8234.0
438,2703.06122449,3210.1481748,1.18759728626,21152.0
439,2564.73029046,3037.48533752,1.18432934208,2798.0
440,2720.97415507,3195.64976295,1.17445061247,26662.0
441,2656.32780083,3107.99169919,1.17003319328,21616.0
442,2576.50840752,3097.01404917,1.20201977224,23977.0
443,2001.76322418,3428.28867814,1.71263445982,1793.0
444,2525.52966102,3107.96397081,1.23061867725,21144.0
445,2681.17408907,3297.35338167,1.2298169653,2074.0
446,2827.33990148,3168.40777403,1.1206320727,1515.0
447,2409.93449782,2879.56268545,1.19487176438,9814.0
448,2091.78427419,2854.02473173,1.36439725976,6996.0
449,2025.2293578,2739.62167871,1.35274637816,9465.0
450,2300.0,2675.39912078,1.16321700904,14040.0
451,2050.16198704,2520.51444439,1.22942209461,14162.0
452,1880.20504732,2364.93909687,1.25780914174,13015.0
453,2026.35605007,2365.76716007,1.16749825875,12857.0
454,1987.45980707,2540.71951922,1.27837529603,17440.0
455,1995.82191781,2309.33825768,1.15708632974,10284.0
